   0.00000000       0.00000000    
   4.63468313       7.28074238E-02
   8.81242752      0.276941717    
   12.1217842      0.571648896    
   14.2376976      0.895760059    
   14.9537592       1.17688644    
   14.2025347       1.34253478    
   12.0619698       1.33165383    
   8.74725533       1.10503531    
   4.58900928      0.653112769    
  -4.82744599E-06  -7.64592414E-07
  -4.56623936     -0.796936452    
  -8.66061592      -1.65210116    
  -11.8831244      -2.46087742    
  -13.9222841      -3.11199975    
  -14.5855484      -3.50168133    
  -13.8176546      -3.54777145    
  -11.7051401      -3.20216465    
  -8.46668148      -2.45979905    
  -4.43032408      -1.36294591    
   2.29017787E-05   7.44124100E-06
   4.38537025       1.50144815    
   8.29555798       2.98658562    
   11.3518677       4.28951406    
   13.2640581       5.25161362    
   13.8581924       5.74025249    
   13.0925369       5.66564846    
   11.0600910       4.99382401    
   7.97763062       3.75398922    
   4.16255140       2.03921342    
  -3.85566018E-05  -1.96455767E-05
  -4.09651661      -2.16899467    
  -7.72623491      -4.24753523    
  -10.5410881      -6.01253319    
  -12.2792273      -7.26191711    
  -12.7896013      -7.83748102    
  -12.0450382      -7.64401627    
  -10.1427059      -6.66251516    
  -7.29214668      -4.95573950    
  -3.79228473      -2.66526341    
   5.05359094E-05   3.67165012E-05
   3.70679069       2.78313851    
   6.96666336       5.40390062    
   9.47075176       7.58750629    
   10.9920397       9.09340954    
   11.4060879       9.74172306    
   10.7009516       9.43416214    
   8.97557640       8.16715050    
   6.42710781       6.03545952    
   3.32864308       3.22568107    
  -5.77413120E-05  -5.77413412E-05
  -3.22577810      -3.32874656    
  -6.03553772      -6.42719841    
  -8.16720486      -8.97564602    
  -9.43418598      -10.7009907    
  -9.74171734      -11.4060917    
  -9.09337425      -10.9920082    
  -7.58744669      -9.47068787    
  -5.40382242      -6.96657085    
  -2.78305173      -3.70667887    
   5.08705452E-05   7.00173478E-05
   2.66534328       3.79240251    
   4.95580339       7.29224873    
   6.66255856       10.1427832    
   7.64403582       12.0450811    
   7.83747482       12.7896051    
   7.26188803       12.2791910    
   6.01248455       10.5410156    
   4.24747324       7.72613096    
   2.16892648       4.09639215    
  -4.80044328E-05  -9.42140759E-05
  -2.03927398      -4.16267920    
  -3.75403666      -7.97774076    
  -4.99385500      -11.0601730    
  -5.66566038      -13.0925817    
  -5.74024630      -13.8581953    
  -5.25159073      -13.2640181    
  -4.28947830      -11.3517885    
  -2.98654103      -8.29544640    
  -1.50140023      -4.38523674    
   3.86059583E-05   1.18817086E-04
   1.36298561       4.43046045    
   2.45982862       8.46679783    
   3.20218229       11.7052259    
   3.54777646       13.8177013    
   3.50167418       14.5855503    
   3.11198306       13.9222403    
   2.46085382       11.8830404    
   1.65207434       8.66049862    
  0.796909869       4.56609964    
  -2.25459553E-05  -1.42349978E-04
 -0.653130531      -4.58914948    
  -1.10504627      -8.74737549    
  -1.33165765      -12.0620575    
  -1.34253252      -14.2025833    
  -1.17687917      -14.9537601    
 -0.895749986      -14.2376499    
 -0.571638346      -12.1216917    
 -0.276933193      -8.81229973    
  -7.28026256E-02  -4.63452959    
  -8.50144954E-11   1.63317134E-04
  -7.28123263E-02   4.63484001    
 -0.276949972       8.81254101    
 -0.571659148       12.1218653    
 -0.895770550       14.2377405    
  -1.17689478       14.9537592    
  -1.34253860       14.2024889    
  -1.33165097       12.0618820    
  -1.10502517       8.74713421    
 -0.653095424       4.58886862    
   2.40752943E-05  -1.52004854E-04
  0.796963394      -4.56637812    
   1.65212882      -8.66073418    
   2.46090198      -11.8832092    
   3.11201763      -13.9223270    
   3.50168943      -14.5855465    
   3.54776788      -13.8176079    
   3.20214820      -11.7050533    
   2.45977020      -8.46656418    
   1.36290693      -4.43018818    
  -5.34885839E-05   1.64620578E-04
  -1.50149655       4.38550329    
  -2.98663092       8.29566956    
  -4.28955221       11.3519468    
  -5.25163794       13.2640982    
  -5.74026060       13.8581886    
  -5.66563797       13.0924921    
  -4.99379444       11.0600080    
  -3.75394177       7.97751999    
  -2.03915310       4.16242313    
   8.72957098E-05  -1.71327236E-04
   2.16906309      -4.09664106    
   4.24759674      -7.72633886    
   6.01258135      -10.5411615    
   7.26194715      -12.2792645    
   7.83748627      -12.7895975    
   7.64399719      -12.0449953    
   6.66247225      -10.1426306    
   4.95567465      -7.29204369    
   2.66518378      -3.79216766    
  -1.24303668E-04   1.71089079E-04
  -2.78322530       3.70690298    
  -5.40397739       6.96675539    
  -7.58756542       9.47081661    
  -9.09344387       10.9920702    
  -9.74172878       11.4060831    
  -9.43413734       10.7009125    
  -8.16709518       8.97550869    
  -6.03537893       6.42701674    
  -3.22558427       3.32854009    
   1.63108853E-04  -1.63108620E-04
   3.32885981      -3.22588491    
   6.42729759      -6.03562546    
   8.97572041      -8.16726494    
   10.7010326      -9.43421555    
   11.4060965      -9.74171257    
   10.9919739      -9.09333706    
   9.47061539      -7.58738184    
   6.96646881      -5.40373850    
   3.70655560      -2.78295612    
  -2.02143783E-04   1.46865801E-04
  -3.79253030       2.66543031    
  -7.29236031       4.95587444    
  -10.1428661       6.66260624    
  -12.0451269       7.64405584    
  -12.7896090       7.83746815    
  -12.2791510       7.26185608    
  -10.5409355       6.01243210    
  -7.72601795       4.24740601    
  -4.09625578       2.16885161    
   2.39730784E-04  -1.22148675E-04
   4.16281986      -2.03933978    
   7.97786283      -3.75408888    
   11.0602636      -4.99388885    
   13.0926304      -5.66567373    
   13.8581982      -5.74023914    
   13.2639742      -5.25156546    
   11.3517008      -4.28943872    
   8.29532433      -2.98649216    
   4.38509035      -1.50134754    
  -2.74140941E-04   8.90735173E-05
  -4.43060923       1.36302900    
  -8.46692562       2.45986080    
  -11.7053194       3.20220137    
  -13.8177528       3.54778194    
  -14.5855522       3.50166678    
  -13.9221926       3.11196470    
  -11.8829479       2.46082830    
  -8.66036987       1.65204525    
  -4.56594753      0.796880782    
   3.03656416E-04  -4.80941453E-05
   4.58930397     -0.653150022    
   8.74750710      -1.10505831    
   12.0621538      -1.33166206    
   14.2026339      -1.34252977    
   14.9537611      -1.17687142    
   14.2375994     -0.895739377    
   12.1215954     -0.571627498    
   8.81216812     -0.276924461    
   4.63437462      -7.27977753E-02
  -3.26634268E-04  -3.40057982E-10
  -4.63499594      -7.28171840E-02
  -8.81269550     -0.276959389    
  -12.1219778     -0.571670830    
  -14.2377815     -0.895780563    
  -14.9537582      -1.17690241    
  -14.2024479      -1.34254205    
  -12.0617695      -1.33164501    
  -8.74702549      -1.10501611    
  -4.58868742     -0.653072119    
   2.85053276E-04   4.51483211E-05
   4.56655788      0.796997190    
   8.66084003       1.65215373    
   11.8833179       2.46093082    
   13.9223661       3.11203408    
   14.5855446       3.50169706    
   13.8175659       3.54776478    
   11.7049427       3.20212483    
   8.46645832       2.45974398    
   4.43001270       1.36285543    
  -2.92734388E-04  -9.51155453E-05
  -4.38567543      -1.50155795    
  -8.29577160      -2.98667264    
  -11.3520517      -4.28959799    
  -13.2641344      -5.25166082    
  -13.8581867      -5.74026775    
  -13.0924511      -5.66562796    
  -11.0599022      -4.99375391    
  -7.97741938      -3.75390029    
  -4.16225767      -2.03907514    
   2.91351811E-04   1.48451611E-04
   4.09680080       2.16915083    
   7.72643089       4.24765396    
   10.5412560       6.01264381    
   12.2792940       7.26197529    
   12.7895927       7.83749437    
   12.0449562       7.64398289    
   10.1425314       6.66241646    
   7.29195070       4.95561838    
   3.79201698       2.66508150    
  -2.80069042E-04  -2.03482632E-04
  -3.70704675      -2.78333688    
  -6.96683884      -5.40404844    
  -9.47089958      -7.58764124    
  -10.9920969      -9.09347725    
  -11.4060764      -9.74173546    
  -10.7008753      -9.43411636    
  -8.97541904      -8.16702557    
  -6.42693424      -6.03530884    
  -3.32840657      -3.22545934    
   2.58360524E-04   2.58361222E-04
   3.22600985       3.32899284    
   6.03569603       6.42738152    
   8.16733551       8.97580910    
   9.43423653       10.7010708    
   9.74170685       11.4061012    
   9.09330654       10.9919453    
   7.58734941       9.47058296    
   5.40366888       6.96638489    
   2.78291059       3.70649791    
  -2.26044329E-04  -3.11124109E-04
  -2.66547155      -3.79259205    
  -4.95593262      -7.29245234    
  -6.66262674      -10.1429071    
  -7.64407396      -12.0451651    
  -7.83746290      -12.7896118    
  -7.26183033      -12.2791185    
  -6.01240492      -10.5408983    
  -4.24735022      -7.72592354    
  -2.16881561      -4.09619236    
   1.83304088E-04   3.59755621E-04
   2.03937078       4.16288710    
   3.75413203       7.97796297    
   4.99390268       11.0603056    
   5.66568518       13.0926714    
   5.74023342       13.8582010    
   5.25154448       13.2639370    
   4.28941774       11.3516588    
   2.98645163       8.29522228    
   1.50132203       4.38502169    
  -1.30699962E-04  -4.02254896E-04
  -1.36304891      -4.43068027    
  -2.45988774      -8.46703148    
  -3.20220876      -11.7053652    
  -3.54778671      -13.8177929    
  -3.50166082      -14.5855532    
  -3.11195016      -13.9221525    
  -2.46081424      -11.8829041    
  -1.65202129      -8.66026402    
 -0.796866298      -4.56587505    
   6.91666428E-05   4.36704897E-04
  0.653158665       4.58937740    
   1.10506845       8.74761581    
   1.33166218       12.0621996    
   1.34252799       14.2026749    
   1.17686534       14.9537611    
  0.895731032       14.2375584    
  0.571620524       12.1215506    
  0.276917487       8.81205845    
   7.27947578E-02   4.63430071    
   6.65455246E-10  -4.61341144E-04
   7.28202090E-02  -4.63506937    
  0.276966363      -8.81280422    
  0.571677804      -12.1220226    
  0.895790100      -14.2378407    
   1.17690849      -14.9537582    
   1.34254217      -14.2023878    
   1.33164477      -12.0617228    
   1.10500002      -8.74687195    
  0.653063476      -4.58861399    
  -7.51727712E-05   4.74617584E-04
 -0.797011673       4.56662989    
  -1.65218604       8.66099167    
  -2.46094489       11.8833618    
  -3.11205220       13.9224224    
  -3.50170302       14.5855436    
  -3.54775572       13.8175077    
  -3.20211744       11.7048979    
  -2.45970416       8.46630764    
  -1.36283553       4.42994165    
   1.54424764E-04  -4.75267996E-04
   1.50158358      -4.38574409    
   2.98672843      -8.29591656    
   4.28961897      -11.3520918    
   5.25168753      -13.2641869    
   5.74027395      -13.8581839    
   5.66560936      -13.0923939    
   4.99373913      -11.0598583    
   3.75383759      -7.97727680    
   2.03904486      -4.16219139    
  -2.35585190E-04   4.62360098E-04
  -2.16918707       4.09686518    
  -4.24773169       7.72656584    
  -6.01267052       10.5412931    
  -7.26201105       12.2793436    
  -7.83749962       12.7895899    
  -7.64395571       12.0449018    
  -6.66239548       10.1424904    
  -4.95553446       7.29182148    
  -2.66504049       3.79195523    
   3.16295074E-04  -4.35341266E-04
   2.78338289      -3.70710468    
   5.40414715      -6.96695995    
   7.58767462      -9.47093296    
   9.09351921      -10.9921389    
   9.74174023      -11.4060726    
   9.43408108      -10.7008266    
   8.16699791      -8.97538280    
   6.03520489      -6.42681789    
   3.22540927      -3.32835293    
  -3.94074712E-04   3.94073315E-04
  -3.32904744       3.22605968    
  -6.42749739       6.03579998    
  -8.97584629       8.16736221    
  -10.7011185       9.43427181    
  -11.4061069       9.74170017    
  -10.9919052       9.09326172    
  -9.47049904       7.58727264    
  -6.96626568       5.40356922    
  -3.70635390       2.78279853    
   4.66396916E-04  -3.38855869E-04
   3.79274297      -2.66557407    
   7.29258394      -4.95601559    
   10.1430063      -6.66268301    
   12.0452194      -7.64409781    
   12.7896166      -7.83745480    
   12.2790718      -7.26179218    
   10.5408039      -6.01234245    
   7.72579098      -4.24727058    
   4.09603214      -2.16872740    
  -5.30764402E-04   2.70436722E-04
  -4.16305208       2.03944850    
  -7.97810650       3.75419354    
  -11.0604124       4.99394226    
  -13.0927296       5.66570044    
  -13.8582039       5.74022484    
  -13.2638855       5.25151396    
  -11.3515568       4.28937101    
  -8.29507828       2.98639369    
  -4.38484955       1.50125992    
   5.84788853E-04  -1.90008141E-04
   4.43085575      -1.36309958    
   8.46718311      -2.45992613    
   11.7054758      -3.20223069    
   13.8178539      -3.54779267    
   14.5855560      -3.50165153    
   13.9220972      -3.11192822    
   11.8827944      -2.46078372    
   8.66011238      -1.65198672    
   4.56569624     -0.796832085    
  -6.26269379E-04   9.91900306E-05
  -4.58955812      0.653181374    
  -8.74776936       1.10508227    
  -12.0623121       1.33166683    
  -14.2027349       1.34252453    
  -14.9537621       1.17685580    
  -14.2374992      0.895718098    
  -12.1214380      0.571607411    
  -8.81190300      0.276906937    
  -4.63411808       7.27889165E-02
   6.53268537E-04   1.36023193E-09
   4.63525152       7.28260353E-02
   8.81295872      0.276976883    
   12.1221361      0.571690917    
   14.2378998      0.895802796    
   14.9537582       1.17691803    
   14.2023277       1.34254563    
   12.0616102       1.33164012    
   8.74680901       1.10499787    
   4.58843327      0.653040767    
  -6.64181891E-04  -1.05197534E-04
  -4.56691647     -0.797064662    
  -8.66105366      -1.65220356    
  -11.8834705      -2.46097517    
  -13.9224777      -3.11207438    
  -14.5855417      -3.50171208    
  -13.8174820      -3.54775858    
  -11.7047863      -3.20209479    
  -8.46615696      -2.45966625    
  -4.42966270      -1.36275291    
   5.48961863E-04   1.78369854E-04
   4.38591623       1.50164557    
   8.29605961       2.98678613    
   11.3522568       4.28968954    
   13.2642059       5.25170517    
   13.8581800       5.74028254    
   13.0923357       5.66559458    
   11.0596924       4.99367285    
   7.97721767       3.75381589    
   4.16202545       2.03896689    
  -6.33368327E-04  -3.22719075E-04
  -4.09712124      -2.16932607    
  -7.72661829      -4.24776745    
  -10.5413866      -6.01273298    
  -12.2793884      -7.26204824    
  -12.7895842      -7.83750772    
  -12.0448771      -7.64395046    
  -10.1423922      -6.66234016    
  -7.29168940      -4.95545197    
  -3.79171538      -2.66487527    
   4.98028821E-04   3.61840910E-04
   3.70724893       2.78349471    
   6.96707821       5.40424585    
   9.47106838       7.58779287    
   10.9921522       9.09354305    
   11.4060659       9.74174690    
   10.7007761       9.43404770    
   8.97524452       8.16688251    
   6.42676830       6.03516626    
   3.32821941       3.22528458    
  -5.29785873E-04  -5.29788435E-04
  -3.22626042      -3.32925844    
  -6.03583813      -6.42754602    
  -8.16743279      -8.97593594    
  -9.43430233      -10.7011681    
  -9.74169254      -11.4061136    
  -9.09323883      -10.9918928    
  -7.58719635      -9.47041702    
  -5.40347004      -6.96614647    
  -2.78262138      -3.70612264    
   3.84400832E-04   5.29085111E-04
   2.66567659       3.79289412    
   4.95609808       7.29271555    
   6.66277504       10.1431608    
   7.64410353       12.0452452    
   7.83744717       12.7896223    
   7.26175451       12.2790251    
   6.01224661       10.5406513    
   4.24723482       7.72573757    
   2.16863942       4.09587240    
  -3.57569166E-04  -7.01773330E-04
  -2.03957391      -4.16331482    
  -3.75421476      -7.97816515    
  -4.99398184      -11.0605183    
  -5.66571522      -13.0927877    
  -5.74021626      -13.8582077    
  -5.25149679      -13.2638674    
  -4.28932381      -11.3514547    
  -2.98633599      -8.29493523    
  -1.50116301      -4.38457489    
   2.13952211E-04   6.58483012E-04
   1.36315060       4.43103123    
   2.45996404       8.46733379    
   3.20227098       11.7056513    
   3.54778981       13.8178797    
   3.50164223       14.5855579    
   3.11190653       13.9220419    
   2.46073961       11.8826199    
   1.65196943       8.66005135    
  0.796797633       4.56551647    
  -1.29213178E-04  -8.15833977E-04
 -0.653219581      -4.58984756    
  -1.10508454      -8.74783230    
  -1.33167148      -12.0624256    
  -1.34252095      -14.2027950    
  -1.17684627      -14.9537630    
 -0.895707667      -14.2374773    
 -0.571594357      -12.1213255    
 -0.276896477      -8.81174850    
  -7.27813840E-02  -4.63382673    
  -1.98908001E-09   7.30754924E-04
  -7.28318617E-02   4.63543367    
 -0.276987374       8.81311321    
 -0.571707189       12.1223154    
 -0.895813465       14.2379227    
  -1.17692757       14.9537573    
  -1.34254920       14.2022686    
  -1.33162820       12.0614319    
  -1.10498405       8.74665451    
 -0.653017938       4.58825207    
   9.94165966E-05  -6.27682370E-04
  0.797059417      -4.56688213    
   1.65223396      -8.66120434    
   2.46099997      -11.8835812    
   3.11207414      -13.9224672    
   3.50171471      -14.5855408    
   3.54774570      -13.8174229    
   3.20210218      -11.7048073    
   2.45967579      -8.46618557    
   1.36276376      -4.42969561    
  -2.37679196E-04   7.31495442E-04
  -1.50170541       4.38608837    
  -2.98677754       8.29603100    
  -4.28968382       11.3522367    
  -5.25172901       13.2642603    
  -5.74028492       13.8581791    
  -5.66560078       13.0923452    
  -4.99368334       11.0597105    
  -3.75375080       7.97707653    
  -2.03888750       4.16186142    
   3.05942114E-04  -6.00441592E-04
   2.16931033      -4.09708977    
   4.24784327      -7.72675371    
   6.01272440      -10.5413685    
   7.26204443      -12.2793779    
   7.83751059      -12.7895832    
   7.64392090      -12.0448256    
   6.66228008      -10.1422977    
   4.95546961      -7.29171324    
   2.66489649      -3.79174352    
  -4.74653440E-04   6.53300958E-04
  -2.78347445       3.70722055    
  -5.40422869       6.96705389    
  -7.58778048       9.47104931    
  -9.09358215       10.9921951    
  -9.74174976       11.4060650    
  -9.43405724       10.7007828    
  -8.16689968       8.97525978    
  -6.03506136       6.42665482    
  -3.22530937       3.32824397    
   5.03657677E-04  -5.03655057E-04
   3.32923365      -3.22623515    
   6.42766142      -6.03594446    
   8.97601986      -8.16750717    
   10.7011604      -9.43429279    
   11.4061146      -9.74169064    
   10.9918489      -9.09319973    
   9.47043514      -7.58720875    
   6.96617126      -5.40348721    
   3.70615125      -2.78264189    
  -6.84357947E-04   4.97212401E-04
  -3.79304361       2.66578078    
  -7.29269123       4.95607996    
  -10.1431437       6.66276121    
  -12.0452967       7.64413261    
  -12.7896233       7.83744431    
  -12.2790365       7.26175737    
  -10.5406713       6.01225567    
  -7.72560310       4.24715900    
  -4.09571171       2.16855335    
   6.68846653E-04  -3.40792147E-04
   4.16328430      -2.03955793    
   7.97830534      -3.75427914    
   11.0604992      -4.99397087    
   13.0927792      -5.66570902    
   13.8582087      -5.74021387    
   13.2638130      -5.25147295    
   11.3513498      -4.28928232    
   8.29496288      -2.98634481    
   4.38460827      -1.50117350    
  -8.41016998E-04   2.73260433E-04
  -4.43099737       1.36313939    
  -8.46730518       2.45995402    
  -11.7056303       3.20226312    
  -13.8179379       3.54780221    
  -14.5855589       3.50163984    
  -13.9220543       3.11190677    
  -11.8826418       2.46074200    
  -8.65989876       1.65193880    
  -4.56555128      0.796802998    
   7.79334456E-04  -1.23432197E-04
   4.58981228     -0.653213859    
   8.74798679      -1.10510254    
   12.0625372      -1.33168185    
   14.2027845      -1.34251761    
   14.9537630      -1.17684376    
   14.2374172     -0.895701528    
   12.1213474     -0.571593404    
   8.81177807     -0.276895970    
   4.63386202      -7.27811828E-02
  -9.22682288E-04  -2.66182099E-09
  -4.63561678      -7.28354976E-02
  -8.81308460     -0.276987910    
  -12.1222935     -0.571708083    
  -14.2379818     -0.895819485    
  -14.9537573      -1.17693007    
  -14.2022800      -1.34255254    
  -12.0614519      -1.33163249    
  -8.74650002      -1.10496593    
  -4.58807135     -0.652992964    
   8.17246619E-04   1.29441614E-04
   4.56706095      0.797093630    
   8.66135597       1.65226853    
   11.8835583       2.46100330    
   13.9225216       3.11209607    
   14.5855389       3.50172400    
   13.8173637       3.54774022    
   11.7045670       3.20204473    
   8.46603584       2.45963812    
   4.42952013       1.36271298    
  -9.14028846E-04  -2.96989019E-04
  -4.38605404      -1.50169683    
  -8.29617596      -2.98683548    
  -11.3523397      -4.28973103    
  -13.2643118      -5.25175905    
  -13.8581753      -5.74029398    
  -13.0922871      -5.66558599    
  -11.0596046      -4.99364376    
  -7.97693443      -3.75369000    
  -4.16189194      -2.03890562    
   7.71449646E-04   3.93076218E-04
   4.09724998       2.16939831    
   7.72688675       4.24792337    
   10.5415792       6.01285362    
   12.2794237       7.26208305    
   12.7895784       7.83751869    
   12.0447712       7.64389658    
   10.1423101       6.66229773    
   7.29158115       4.95538712    
   3.79159212       2.66479325    
  -8.08572804E-04  -5.87466406E-04
  -3.70753884      -2.78371716    
  -6.96717262      -5.40432835    
  -9.47113228      -7.58785677    
  -10.9922352      -9.09362698    
  -11.4060593      -9.74175739    
  -10.7007322      -9.43402481    
  -8.97517014      -8.16682911    
  -6.42653751      -6.03495932    
  -3.32795477      -3.22503304    
   6.39367441E-04   6.39371516E-04
   3.22636008       3.32936668    
   6.03604603       6.42777729    
   8.16748619       8.97600842    
   9.43432617       10.7012119    
   9.74168396       11.4061203    
   9.09315491       10.9918089    
   7.58704853       9.47024727    
   5.40338707       6.96605158    
   2.78252983       3.70600700    
  -6.10023504E-04  -8.39631073E-04
  -2.66575837      -3.79301691    
  -4.95616245      -7.29282284    
  -6.66281652      -10.1432419    
  -7.64415646      -12.0453520    
  -7.83743620      -12.7896280    
  -7.26171923      -12.2789898    
  -6.01219273      -10.5405769    
  -4.24707937      -7.72546911    
  -2.16856718      -4.09574366    
   4.27924359E-04   8.39855697E-04
   2.03963542       4.16344881    
   3.75434041       7.97844887    
   4.99406528       11.0607281    
   5.66572380       13.0928354    
   5.74020481       13.8582125    
   5.25144243       13.2637606    
   4.28928232       11.3513727    
   2.98628688       8.29481888    
   1.50111163       4.38443708    
  -3.32568074E-04  -1.02355110E-03
  -1.36325419      -4.43138075    
  -2.45999193      -8.46745586    
  -3.20228577      -11.7057419    
  -3.54780793      -13.8179970    
  -3.50163031      -14.5855608    
  -3.11188483      -13.9219971    
  -2.46071172      -11.8825331    
  -1.65190423      -8.65974712    
 -0.796731234      -4.56515741    
   1.53455097E-04   9.68899054E-04
  0.653236628       4.58999395    
   1.10511649       8.74814224    
   1.33167183       12.0625172    
   1.34251404       14.2028446    
   1.17683423       14.9537640    
  0.895688713       14.2373590    
  0.571574032       12.1211004    
  0.276885450       8.81162357    
   7.27753490E-02   4.63367939    
   3.92858723E-09  -1.11460965E-03
   7.28379041E-02  -4.63558149    
  0.276998430      -8.81324005    
  0.571721196      -12.1224051    
  0.895832241      -14.2380400    
   1.17693961      -14.9537563    
   1.34255612      -14.2022190    
   1.33162785      -12.0613394    
   1.10495210      -8.74634457    
  0.653000891      -4.58810568    
  -1.59466872E-04   1.00681081E-03
 -0.797127962       4.56724024    
  -1.65230334       8.66150761    
  -2.46106100       11.8837986    
  -3.11211801       13.9225788    
  -3.50173306       14.5855360    
  -3.54773450       13.8173046    
  -3.20205784       11.7045851    
  -2.45959997       8.46588421    
  -1.36266220       4.42934513    
   3.56299046E-04  -1.09656213E-03
   1.50182915      -4.38643169    
   2.98689342      -8.29631996    
   4.28977776      -11.3524418    
   5.25178957      -13.2643642    
   5.74030256      -13.8581724    
   5.66557121      -13.0922298    
   4.99360466      -11.0594988    
   3.75362921      -7.97679090    
   2.03873205      -4.16153097    
  -4.80210554E-04   9.42457642E-04
  -2.16948628       4.09740973    
  -4.24800253       7.72701979    
  -6.01284933       10.5415554    
  -7.26212120       12.2794714    
  -7.83752632       12.7895727    
  -7.64387274       12.0447159    
  -6.66216898       10.1420994    
  -4.95530462       7.29144955    
  -2.66469097       3.79144144    
   7.00279546E-04  -9.63844475E-04
   2.78369832      -3.70750880    
   5.40442801      -6.96729183    
   7.58793354      -9.47121620    
   9.09367180      -10.9922752    
   9.74176407      -11.4060526    
   9.43399239      -10.7006817    
   8.16675854      -8.97508049    
   6.03485680      -6.42642021    
   3.22505975      -3.32797790    
  -7.75085588E-04   7.75079650E-04
  -3.32950020       3.22648525    
  -6.42789459       6.03614807    
  -8.97619724       8.16764736    
  -10.7012625       9.43435860    
  -11.4061270       9.74167633    
  -10.9917688       9.09311008    
  -9.47026825       7.58705521    
  -6.96593189       5.40328693    
  -3.70586276       2.78241777    
   9.94904316E-04  -7.22834375E-04
   3.79334593      -2.66598606    
   7.29295444      -4.95624542    
   10.1433401      -6.66287184    
   12.0454054      -7.64418077    
   12.7896338      -7.83742809    
   12.2789440      -7.26168156    
   10.5404825      -6.01213026    
   7.72533560      -4.24699926    
   4.09539127      -2.16837740    
  -1.01086486E-03   5.15056308E-04
  -4.16361427       2.03971314    
  -7.97859240       3.75440168    
  -11.0607119       4.99404955    
  -13.0928936       5.66573906    
  -13.8582153       5.74019575    
  -13.2637091       5.25141191    
  -11.3511429       4.28918743    
  -8.29467487       2.98622894    
  -4.38426495       1.50104976    
   1.20608532E-03  -3.91875481E-04
   4.43134832      -1.36324108    
   8.46760654      -2.46003008    
   11.7058525      -3.20230794    
   13.8180561      -3.54781413    
   14.5855627      -3.50162125    
   13.9219408      -3.11186290    
   11.8824234      -2.46068096    
   8.65959644      -1.65186965    
   4.56519222     -0.796734333    
  -1.15846354E-03   1.83477736E-04
  -4.59017467      0.653259456    
  -8.74829674       1.10513031    
  -12.0627642       1.33169127    
  -14.2029047       1.34251058    
  -14.9537649       1.17682469    
  -14.2373009      0.895675838    
  -12.1211233      0.571567297    
  -8.81146908      0.276874959    
  -4.63349724       7.27695227E-02
   1.30653707E-03   5.44092771E-09
   4.63598156       7.28471577E-02
   8.81339359      0.277008921    
   12.1225185      0.571734250    
   14.2381001      0.895845175    
   14.9537554       1.17694914    
   14.2021599       1.34255970    
   12.0612268       1.33162320    
   8.74619007       1.10493827    
   4.58770895      0.652947426    
  -1.19637512E-03  -1.89492392E-04
  -4.56742001     -0.797162294    
  -8.66165829      -1.65233779    
  -11.8837757      -2.46106434    
  -13.9226351      -3.11213970    
  -14.5855341      -3.50174260    
  -13.8173122      -3.54774570    
  -11.7043447      -3.20200038    
  -8.46573353      -2.45956230    
  -4.42937756      -1.36267531    
   1.27909542E-03   4.15609393E-04
   4.38639784       1.50182068    
   8.29663849       2.98701382    
   11.3525438       4.28982496    
   13.2643499       5.25179386    
   13.8581686       5.74031115    
   13.0921707       5.66555548    
   11.0592699       4.99350929    
   7.97664738       3.75356770    
   4.16156149       2.03875017    
  -1.31740025E-03  -6.71256159E-04
  -4.09756947      -2.16957426    
  -7.72699118      -4.24799299    
  -10.5417671      -6.01297903    
  -12.2795172      -7.26215887    
  -12.7895679      -7.83753443    
  -12.0446606      -7.64384842    
  -10.1421137      -6.66218758    
  -7.29116488      -4.95511723    
  -3.79129028      -2.66458845    
   9.33947333E-04   6.78558776E-04
   3.70782709       2.78394079    
   6.96741152       5.40452766    
   9.47140408       7.58809471    
   10.9923153       9.09371567    
   11.4060469       9.74177170    
   10.7005787       9.43391418    
   8.97499275       8.16668892    
   6.42643881       6.03488159    
   3.32768822       3.22478294    
  -9.10791685E-04  -9.10799834E-04
  -3.22645855      -3.32947683    
  -6.03625059      -6.42801189    
  -8.16762638      -8.97618580    
  -9.43443680      -10.7013655    
  -9.74166965      -11.4061337    
  -9.09311008      -10.9917831    
  -7.58689499      -9.47008038    
  -5.40318823      -6.96581316    
  -2.78217530      -3.70554447    
   8.35645129E-04   1.15017791E-03
   2.66596341       3.79331851    
   4.95643187       7.29323912    
   6.66292763       10.1434393    
   7.64416695       12.0454016    
   7.83741999       12.7896385    
   7.26164389       12.2788973    
   6.01213360       10.5405054    
   4.24692011       7.72520351    
   2.16839123       4.09542418    
  -7.06097286E-04  -1.38580985E-03
  -2.03979063      -4.16377926    
  -3.75438380      -7.97856712    
  -4.99414396      -11.0609398    
  -5.66575432      -13.0929518    
  -5.74018717      -13.8582191    
  -5.25138187      -13.2636576    
  -4.28918791      -11.3511667    
  -2.98610806      -8.29435539    
  -1.50098777      -4.38409328    
   3.80455313E-04   1.17093977E-03
   1.36335599       4.43173170    
   2.46006775       8.46775723    
   3.20229459       11.7058344    
   3.54781985       13.8181162    
   3.50161171       14.5855656    
   3.11182547       13.9218159    
   2.46065068       11.8823147    
   1.65186977       8.65962601    
  0.796662688       4.56479883    
  -2.13500156E-04  -1.34802831E-03
 -0.653312802      -4.59057140    
  -1.10514414      -8.74845219    
  -1.33168113      -12.0627422    
  -1.34251368      -14.2030344    
  -1.17681503      -14.9537659    
 -0.895667434      -14.2373114    
 -0.571547925      -12.1208763    
 -0.276864439      -8.81131363    
  -7.27671087E-02  -4.63353252    
  -7.19884197E-09   1.49846438E-03
  -7.28495717E-02   4.63594675    
 -0.277025253       8.81373405    
 -0.571747363       12.1226301    
 -0.895853519       14.2380867    
  -1.17695880       14.9537544    
  -1.34256303       14.2020988    
  -1.33160365       12.0609789    
  -1.10492432       8.74603462    
 -0.652955294       4.58774328    
   2.55324238E-04  -1.61200296E-03
  0.797196627      -4.56759930    
   1.65233779      -8.66162872    
   2.46112204      -11.8840160    
   3.11216140      -13.9226894    
   3.50175190      -14.5855312    
   3.54772234      -13.8171844    
   3.20201325      -11.7043629    
   2.45947266      -8.46540546    
   1.36256051      -4.42899466    
  -4.04190447E-04   1.24394940E-03
  -1.50195312       4.38677549    
  -2.98700953       8.29660892    
  -4.28991985       11.3527737    
  -5.25185013       13.2644672    
  -5.74032021       13.8581648    
  -5.66551256       13.0920477    
  -4.99352551       11.0592861    
  -3.75358582       7.97667217    
  -2.03857684       4.16120052    
   6.54479838E-04  -1.28447311E-03
   2.16956043      -4.09753752    
   4.24816227      -7.72728682    
   6.01297474      -10.5417442    
   7.26223326      -12.2796249    
   7.83754253      -12.7895632    
   7.64386225      -12.0446663    
   6.66205788      -10.1419020    
   4.95513916      -7.29118681    
   2.66436076      -3.79096103    
  -9.25906526E-04   1.27438747E-03
  -2.78392243       3.70779729    
  -5.40474081       6.96767664    
  -7.58808804       9.47138309    
  -9.09371662       10.9923019    
  -9.74177837       11.4060402    
  -9.43392849       10.7005816    
  -8.16670895       8.97500420    
  -6.03465223       6.42618561    
  -3.22480989       3.32771134    
   1.20835903E-03  -1.20834657E-03
   3.32976627      -3.22673464    
   6.42799330      -6.03622580    
   8.97637463      -8.16778755    
   10.7013645      -9.43442345    
   11.4061394      -9.74166107    
   10.9916887      -9.09302044    
   9.47010231      -7.58690214    
   6.96554804      -5.40297461    
   3.70557451      -2.78219390    
  -1.12028152E-03   8.13923252E-04
  -3.79364777       2.66619086    
  -7.29321814       4.95641041    
  -10.1434250       6.66290855    
  -12.0455170       7.64422894    
  -12.7896433       7.83741188    
  -12.2787905       7.26156950    
  -10.5402956       6.01200533    
  -7.72523212       4.24692965    
  -4.09507132       2.16820121    
   1.35288353E-03  -6.89319626E-04
   4.16414022      -2.03996420    
   7.97887802      -3.75452352    
   11.0609226      -4.99412775    
   13.0930758      -5.66579723    
   13.8582230      -5.74017811    
   13.2636709      -5.25137758    
   11.3509378      -4.28909302    
   8.29438591      -2.98611283    
   4.38412762      -1.50099635    
  -1.57115399E-03   5.10489626E-04
  -4.43169880       1.36334264    
  -8.46808529       2.46015716    
  -11.7060747       3.20235252    
  -13.8181067       3.54780817    
  -14.5855675       3.50160241    
  -13.9218292       3.11181903    
  -11.8820744       2.46059299    
  -8.65929317       1.65180027    
  -4.56483412      0.796665847    
   1.76365708E-03  -2.79326137E-04
   4.59053707     -0.653304935    
   8.74842358      -1.10513496    
   12.0629902      -1.33170056    
   14.2030239      -1.34250355    
   14.9537668      -1.17680550    
   14.2371836     -0.895650148    
   12.1208973     -0.571541131    
   8.81097221     -0.276848048    
   4.63313198      -7.27578551E-02
  -1.46150985E-03  -7.95632005E-09
  -4.63634682      -7.28588328E-02
  -8.81370449     -0.277029932    
  -12.1228762     -0.571766675    
  -14.2382154     -0.895870805    
  -14.9537535      -1.17696834    
  -14.2019691      -1.34255993    
  -12.0610008      -1.33161378    
  -8.74606419      -1.10493374    
  -4.58734655     -0.652901828    
   1.57550327E-03   2.49544071E-04
   4.56756401      0.797193468    
   8.66196251       1.65240729    
   11.8839941       2.46112537    
   13.9228153       3.11219883    
   14.5855293       3.50176144    
   13.8171940       3.54773402    
   11.7041225       3.20195532    
   8.46543312       2.45948648    
   4.42861080       1.36244571    
  -1.20880385E-03  -3.92770307E-04
  -4.38633204      -1.50179529    
  -8.29623890      -2.98685503    
  -11.3520117      -4.28959084    
  -13.2640839      -5.25163507    
  -13.8581934      -5.74025011    
  -13.0926123      -5.66566229    
  -11.0603218      -4.99389982    
  -7.97840500      -3.75432348    
  -4.16359568      -2.03970432    
  -1.19567569E-03  -6.09219889E-04
   4.09483624       2.16807365    
   7.72471428       4.24662971    
   10.5399323       6.01176357    
   12.2786179       7.26141119    
   12.7896776       7.83735561    
   12.0459881       7.64443874    
   10.1445045       6.66352701    
   7.29466677       4.95731783    
   3.79566956       2.66756535    
   3.56994336E-03   2.59363768E-03
  -3.70329928      -2.78042746    
  -6.96367168      -5.40139627    
  -9.46859360      -7.58550644    
  -10.9908667      -9.09210110    
  -11.4062748      -9.74150276    
  -10.7025232      -9.43516350    
  -8.97861481      -8.16956711    
  -6.43122959      -6.03906155    
  -3.33345437      -3.23019433    
  -4.96796472E-03  -4.96772770E-03
   3.22105289       3.32370424    
   6.03133202       6.42238569    
   8.16425419       8.97191811    
   9.43279934       10.6988153    
   9.74204445       11.4058094    
   9.09548092       10.9938879    
   7.59112120       9.47467613    
   5.40869474       6.97239590    
   2.78862739       3.71385288    
   5.93473157E-03   8.16788618E-03
  -2.65981102      -3.78425264    
  -4.95127439      -7.28502798    
  -6.65932608      -10.1370573    
  -7.64260817      -12.0418367    
  -7.83796215      -12.7893009    
  -7.26420355      -12.2820063    
  -6.01635551      -10.5468168    
  -4.25265121      -7.73479509    
  -2.17472529      -4.10692644    
  -5.77036478E-03  -1.13237817E-02
   2.03383064       4.15110540    
   3.74970388       7.96760321    
   4.99102545       11.0525522    
   5.66455841       13.0883512    
   5.74090672       13.8579149    
   5.25391436       13.2679958    
   4.29314375       11.3597794    
   2.99109960       8.30678749    
   1.50647366       4.39931345    
   4.87706065E-03   1.50073841E-02
  -1.35872555      -4.41577148    
  -2.45662045      -8.45403481    
  -3.20028234      -11.6957321    
  -3.54724336      -13.8123894    
  -3.50250912      -14.5853395    
  -3.11396575      -13.9272938    
  -2.46370530      -11.8932581    
  -1.65535390      -8.67485046    
 -0.800192714      -4.58325386    
  -2.87840585E-03  -1.81662869E-02
  0.650911450       4.57148981    
   1.10364377       8.73177528    
   1.33118165       12.0505629    
   1.34289539       14.1964273    
   1.17787874       14.9536686    
  0.897113323       14.2438936    
  0.573044777       12.1337671    
  0.278078198       8.82911110    
   7.34454244E-02   4.65448713    
   1.52743621E-06   2.14636214E-02
   7.21514449E-02  -4.61411142    
  0.275744855      -8.79480839    
  0.570131004      -12.1086426    
  0.894253850      -14.2307777    
   1.17575014      -14.9538317    
   1.34210849      -14.2096796    
   1.33220351      -12.0755615    
   1.10675061      -8.76638508    
  0.655948400      -4.61156845    
   3.76448710E-03  -2.37804465E-02
 -0.792523980       4.54314613    
  -1.64761353       8.64096642    
  -2.45689607       11.8688927    
  -3.10911965       13.9149189    
  -3.50043035       14.5858269    
  -3.54857230       13.8257313    
  -3.20519972       11.7202549    
  -2.46499777       8.48737144    
  -1.37009668       4.45498228    
  -8.38664174E-03   2.58193463E-02
   1.49262476      -4.36089611    
   2.97827864      -8.27487564    
   4.28270006      -11.3370247    
   5.24713707      -13.2563925    
   5.73892689      -13.8587122    
   5.66789865      -13.1011848    
   4.99982595      -11.0762434    
   3.76334739      -7.99954891    
   2.05119419      -4.18805361    
   1.35082146E-02  -2.65178904E-02
  -2.15524077       4.07153082    
  -4.23481512       7.70495224    
  -6.00247812       10.5259695    
  -7.25576305       12.2717209    
  -7.83612680       12.7903919    
  -7.64798594       12.0541010    
  -6.67172050       10.1590748    
  -4.96953630       7.31413651    
  -2.68248796       3.81767154    
  -1.92946363E-02   2.65628789E-02
   2.76384449      -3.68193865    
   5.38663435      -6.94599819    
   7.57398081      -9.45604134    
   9.08543968      -10.9849339    
   9.74039745      -11.4071693    
   9.43993092      -10.7099771    
   8.17975521      -8.99152374    
   6.05417299      -6.44854689    
   3.24867654      -3.35316277    
   2.50596255E-02  -2.50655673E-02
  -3.30367064       3.20224500    
  -6.40503883       6.01618338    
  -8.95876598       8.15383816    
  -10.6913061       9.42797852    
  -11.4048548       9.74309826    
  -10.9997606       9.10209465    
  -9.48696518       7.60244179    
  -6.99002600       5.42343235    
  -3.73553681       2.80546260    
  -3.11560389E-02   2.26422809E-02
   3.76187801      -2.64461684    
   7.26552200      -4.93902397    
   10.1226587      -6.65124035    
   12.0336590      -7.63901758    
   12.7885180      -7.83914852    
   12.2888365      -7.26981497    
   10.5609531      -6.02574587    
   7.75451279      -4.26444817    
   4.13059092      -2.18775725    
   3.66423093E-02  -1.86765343E-02
  -4.12701988       2.02251458    
  -7.94641781       3.74065304    
  -11.0368176       4.98517847    
  -13.0797091       5.66228962    
  -13.8573189       5.74219847    
  -13.2756147       5.25838614    
  -11.3749552       4.30011082    
  -8.32810402       2.99966693    
  -4.42431164       1.51550210    
  -4.20329832E-02   1.36641730E-02
   4.38979435      -1.35118783    
   8.43169403      -2.45099449    
   11.6790123      -3.19689655    
   13.8034935      -3.54635262    
   14.5849504      -3.50387669    
   13.9355145      -3.11718965    
   11.9090710      -2.46815729    
   8.69724178      -1.66048050    
   4.60978365     -0.805274606    
   4.62336726E-02  -7.33010797E-03
  -4.54422045      0.647467911    
  -8.70882511       1.10158122    
  -12.0337830       1.33048189    
  -14.1874971       1.34340656    
  -14.9534931       1.17929029    
  -14.2525101      0.899011433    
  -12.1503448      0.574981272    
  -8.85202694      0.279639274    
  -4.68191862       7.43219107E-02
  -4.98818383E-02   8.27497934E-06
   4.58707285       7.12940097E-02
   8.77181530      0.274192154    
   12.0922251      0.568210006    
   14.2220325      0.892351747    
   14.9538736       1.17432809    
   14.2184830       1.34158099    
   12.0924988       1.33291268    
   8.78925705       1.10879242    
   4.63836670      0.659311950    
   5.18499129E-02   8.20289832E-03
  -4.51700211     -0.787522495    
  -8.61849594      -1.64248276    
  -11.8527088      -2.45237517    
  -13.9065742      -3.10587192    
  -14.5860834      -3.49903083    
  -13.8345032      -3.54942703    
  -11.7366114      -3.20847774    
  -8.50964260      -2.47059131    
  -4.48050737      -1.37748206    
  -5.28490692E-02  -1.71609037E-02
   4.33544302       1.48345411    
   8.25347996       2.96969485    
   11.3214903       4.27560663    
   13.2486534       5.24262190    
   13.8591814       5.73758316    
   13.1097116       5.67011356    
   11.0916376       5.00551033    
   8.02066612       3.77235413    
   4.21249819       2.06267166    
   5.18424585E-02   2.64023636E-02
  -4.04743910      -2.14199686    
  -7.68516111      -4.22298956    
  -10.5119667      -5.99317408    
  -12.2647781      -7.25009060    
  -12.7910614      -7.83487082    
  -12.0621710      -7.65150309    
  -10.1736107      -6.67988729    
  -7.33358288      -4.98173380    
  -3.84037471      -2.69789696    
  -4.95588817E-02  -3.59912068E-02
   3.66056180       2.74725580    
   6.92829752       5.37185621    
   9.44387436       7.56276655    
   10.9789600       9.07874680    
   11.4080210       9.73925781    
   10.7173948       9.44466591    
   9.00479794       8.19027328    
   6.46584272       6.06925917    
   3.37286258       3.26714277    
   4.51668836E-02   4.51476239E-02
  -3.18402767      -3.28425360    
  -6.00100994      -6.38767147    
  -8.14339066      -8.94558430    
  -9.42312145      -10.6837578    
  -9.74411297      -11.4038563    
  -9.10867596      -11.0055904    
  -7.61373758      -9.49921703    
  -5.43815422      -7.00762987    
  -2.82176924      -3.75650835    
  -3.93541045E-02  -5.41409142E-02
   2.62940979       3.73949337    
   4.92675161       7.24599314    
   6.64283228       10.1077766    
   7.63539791       12.0254402    
   7.84030628       12.7876873    
   7.27540159       12.2956219    
   6.03485155       10.5745850    
   4.27623367       7.77419901    
   2.20078564       4.15423775    
   3.15874293E-02   6.19582534E-02
  -2.01080346      -4.10213947    
  -3.73158526      -7.92520618    
  -4.97931147      -11.0210447    
  -5.65999889      -13.0710220    
  -5.74347115      -13.8566790    
  -5.26284027      -13.2831850    
  -4.30706549      -11.3900900    
  -3.00822687      -8.34938908    
  -1.52481174      -4.45011473    
  -2.24563573E-02  -6.90567642E-02
   1.34364009       4.36380243    
   2.44535542       8.40932274    
   3.19363880       11.6627722    
   3.54544759       13.7945480    
   3.50523186       14.5845089    
   3.12040424       13.9436846    
   2.47271252       11.9253635    
   1.66560543       8.71960068    
  0.810358524       4.63629580    
   1.17871016E-02   7.43000507E-02
 -0.644139946      -4.51779842    
  -1.09951019      -8.68584347    
  -1.32977414      -12.0169601    
  -1.34391141      -14.1785154    
  -1.18069720      -14.9532614    
 -0.900908053      -14.2610750    
 -0.576918781      -12.1668787    
 -0.281203687      -8.87490845    
  -7.51894191E-02  -4.70846319    
  -2.04064600E-05  -7.82998726E-02
  -7.04414621E-02   4.56001854    
 -0.272642851       8.74878883    
 -0.566264689       12.0752230    
 -0.890447974       14.2132349    
  -1.17290187       14.9538612    
  -1.34104717       14.2272348    
  -1.33355534       12.1088619    
  -1.11082602       8.81209946    
 -0.662668109       4.66514969    
  -1.26359630E-02   7.99200386E-02
  0.782373428      -4.48998260    
   1.63735044      -8.59599304    
   2.44784880      -11.8364830    
   3.10261416      -13.8981771    
   3.49761939      -14.5862923    
   3.55026722      -13.8432255    
   3.21174145      -11.7529268    
   2.47617197      -8.53188133    
   1.38511336      -4.50684929    
   2.59299856E-02  -7.98802674E-02
  -1.47428274       4.30997229    
  -2.96110487       8.23205471    
  -4.26869154       11.3064203    
  -5.23809004       13.2408648    
  -5.73621845       13.8596001    
  -5.67230558       13.1181908    
  -5.01139355       11.1074810    
  -3.78134274       8.04175472    
  -2.07413721       4.23692989    
  -3.92916203E-02   7.71692842E-02
   2.12915730      -4.02409983    
   4.21115208      -7.66533852    
   5.98385048      -10.4979258    
   7.24439383      -12.2577915    
   7.83358431      -12.7916822    
   7.65499210      -12.0701990    
   6.68802738      -10.1881113    
   4.99390936      -7.35300493    
   2.71279192      -3.86235547    
   5.26832975E-02  -7.25578740E-02
  -2.73066139       3.63916850    
  -5.35706282       6.91056967    
  -7.55119038       9.43124962    
  -9.07202435       10.9729452    
  -9.73808193       11.4088326    
  -9.44936371       10.7247744    
  -8.20039749       9.01764584    
  -6.08432055       6.48311853    
  -3.28559446       3.39255404    
  -6.52316585E-02   6.52718470E-02
   3.26420307      -3.16518855    
   6.37028503      -5.98581171    
   8.93237209      -8.13291073    
   10.6761732      -9.41823006    
   11.4028196      -9.74509716    
   11.0113811      -9.11522579    
   9.51143265      -7.62500811    
   7.02520657      -5.45286036    
   3.77815890      -2.83859229    
   7.71224424E-02  -5.60701452E-02
  -3.71709847       2.61418915    
  -7.22644043       4.91445827    
  -10.0933104       6.63469410    
  -12.0171785       7.63175011    
  -12.7868118       7.84143639    
  -12.3023605       7.28096294    
  -10.5886412       6.04420280    
  -7.79385519       4.28800726    
  -4.17786694       2.21381068    
  -8.72715414E-02   4.45030183E-02
   4.07802963      -1.99946427    
   7.90396833      -3.72250032    
   11.0052328      -4.97342300    
   13.0622864      -5.65768623    
   13.8559818      -5.74472046    
   13.2907066      -5.26727676    
   11.4051819      -4.31400728    
   8.37064266      -3.01677990    
   4.47507811      -1.53383899    
   9.60786417E-02  -3.12535800E-02
  -4.33779764       1.33608282    
  -8.38692284       2.43970323    
  -11.6459684       3.19022322    
  -13.7855539       3.54452777    
  -14.5840139       3.50657439    
  -13.9518023       3.12360883    
  -11.9410906       2.47715306    
  -8.74192715       1.67072856    
  -4.66279078      0.815444708    
 -0.102365315       1.62493680E-02
   4.49049759     -0.640681505    
   8.66283131      -1.09743106    
   12.0000944      -1.32905853    
   14.1694832      -1.34440958    
   14.9529810      -1.18210042    
   14.2695904     -0.902803123    
   12.1833687     -0.578857422    
   8.89775848     -0.282771379    
   4.73585987      -7.60756433E-02
  0.106717631      -3.79217890E-05
  -4.53294706      -6.95937723E-02
  -8.72573280     -0.271096975    
  -12.0587196     -0.564345956    
  -14.2043858     -0.888542831    
  -14.9537945      -1.17147136    
  -14.2359371      -1.34050691    
  -12.1257133      -1.33424866    
  -8.83491039      -1.11285126    
  -4.69191551     -0.666016757    
 -0.107990704      -1.70636643E-02
   4.46380568      0.777376473    
   8.57345772       1.63221622    
   11.8202114       2.44331622    
   13.8897314       3.09934759    
   14.5864420       3.49619436    
   13.8518991       3.55109334    
   11.7691994       3.21499062    
   8.55409241       2.48173928    
   4.53234529       1.39247942    
  0.106912829       3.46938521E-02
  -4.28448439      -1.46511090    
  -8.21059799      -2.95250845    
  -11.2908020      -4.26157284    
  -13.2330275      -5.23353958    
  -13.8599691      -5.73483324    
  -13.1266232      -5.67447662    
  -11.1227989      -5.01703644    
  -8.06281948      -3.79031467    
  -4.26134872      -2.08559084    
 -0.102498271      -5.21759391E-02
   3.99997354       2.11590719    
   7.64548731       4.19930363    
   10.4838438       5.97450829    
   12.2507591       7.23867178    
   12.7922630       7.83227396    
   12.0781841       7.65845156    
   10.2025785       6.69614077    
   7.37240314       5.00606346    
   3.88503647       2.72817326    
   9.55597609E-02   6.93708360E-02
  -3.61775923      -2.71406102    
  -6.89281321      -5.34225321    
  -9.41901112      -7.53992748    
  -10.9668903      -9.06526947    
  -11.4096041      -9.73687172    
  -10.7321157      -9.45402718    
  -9.03085899      -8.21084976    
  -6.50037432      -6.09935713    
  -3.41223669      -3.30402994    
  -8.53803903E-02  -8.53116512E-02
   3.14694238       3.24477077    
   5.97058868       6.35287809    
   8.12239838       8.91913033    
   9.41330338       10.6685514    
   9.74604225       11.4017401    
   9.12174416       11.0171318    
   7.63625479       9.52361107    
   5.46754932       7.04275417    
   2.85488701       3.79909778    
   7.27903396E-02  0.100100517    
  -2.59895444      -3.69469285    
  -4.90214300      -7.20686388    
  -6.62623167      -10.0783567    
  -7.62807369      -12.0088749    
  -7.84253788      -12.7858887    
  -7.28649950      -12.3090563    
  -6.05327177      -10.6021948    
  -4.29976988      -7.81348133    
  -2.22683239      -4.20147943    
  -5.74232340E-02 -0.112582065    
   1.98772895       4.05312300    
   3.71339774       7.88270426    
   4.96751356       10.9893827    
   5.65535116       13.0535049    
   5.74595165       13.8552418    
   5.27169657       13.2981796    
   4.32093668       11.4202318    
   3.02532697       8.39186478    
   1.54314733       4.50084591    
   4.00558114E-02  0.123098508    
  -1.32851553      -4.31177759    
  -2.43403816      -8.36449337    
  -3.18693686      -11.6296473    
  -3.54359412      -13.7765112    
  -3.50790429      -14.5834684    
  -3.12680387      -13.9598694    
  -2.48169637      -11.9572964    
  -1.67584991      -8.76422215    
 -0.820532858      -4.68926764    
  -2.07168944E-02 -0.130429372    
  0.637338877       4.46404505    
   1.09534347       8.63978958    
   1.32833493       11.9831867    
   1.34490120       14.1604004    
   1.18349874       14.9526396    
  0.904696405       14.2780533    
  0.580797017       12.1998148    
  0.284342438       8.92057705    
   7.69527629E-02   4.76237106    
   6.08208429E-05  0.135134995    
   6.87509626E-02  -4.50585938    
  0.269554466      -8.70264435    
  0.562402964      -12.0416298    
  0.886636198      -14.1954870    
   1.17003679      -14.9536743    
   1.33995998      -14.2445860    
   1.33487570      -12.1419916    
   1.11486804      -8.85768890    
  0.669357955      -4.71866560    
   2.14859862E-02 -0.136061832    
 -0.772231877       4.43675137    
  -1.62708080       8.55089092    
  -2.43877840       11.8038988    
  -3.09607124       13.8812351    
  -3.49475813       14.5865459    
  -3.55190492       13.8605223    
  -3.21822476       11.7854319    
  -2.48729372       8.57627201    
  -1.40009058       4.55865669    
  -4.34524678E-02  0.133946672    
   1.45593870      -4.25897980    
   2.94390559      -8.18910980    
   4.25463343      -11.2756491    
   5.22897291      -13.2251434    
   5.73342800      -13.8602886    
   5.67662525      -13.1350098    
   5.02287817      -11.1385641    
   3.79926848      -8.08385468    
   2.09703231      -4.28575468    
   6.50552660E-02 -0.127829328    
  -2.10306191       3.97660184    
  -4.18744373       7.62560701    
  -5.96514797       10.4697247    
  -7.23292494       12.2436819    
  -7.83093071       12.7927895    
  -7.66188335       12.0861273    
  -6.70422792       10.2170095    
  -5.01819563       7.39177704    
  -2.74304056       3.90699506    
  -8.60537663E-02  0.118564472    
   2.69745541      -3.59633422    
   5.32742834      -6.87503052    
   7.52830029      -9.40631294    
   9.05848312      -10.9607944    
   9.73562622      -11.4103336    
   9.45865536      -10.7394209    
   8.22091389      -9.04364777    
   6.11436796      -6.51760960    
   3.32245016      -3.43191051    
  0.105387501     -0.105492406    
  -3.22470355       3.12807274    
  -6.33545065       5.95534039    
  -8.90585804       8.11185551    
  -10.6608915       9.40834045    
  -11.4006224       9.74695683    
  -11.0228405       9.12823200    
  -9.53575420       7.64747524    
  -7.06027365       5.48222303    
  -3.82071447       2.87169766    
 -0.123075053       8.95146132E-02
   3.67227650      -2.58370638    
   7.18726444      -4.88980722    
   10.0638218      -6.61804152    
   12.0005283      -7.62436676    
   12.7849216      -7.84361076    
   12.3157053      -7.29201126    
   10.6161709      -6.06258440    
   7.83307791      -4.31152058    
   4.22507381      -2.23985052    
  0.137889743      -7.03480467E-02
  -4.02898884       1.97636652    
  -7.86141300       3.70427799    
  -10.9734955       4.96158361    
  -13.0446787       5.65299463    
  -13.8544455       5.74715900    
  -13.3056049       5.27609873    
  -11.4352407       4.32785368    
  -8.41305542       3.03386688    
  -4.52577448       1.55217350    
 -0.150116250       4.88630161E-02
   4.28574419      -1.32093883    
   8.34203434      -2.42835999    
   11.6127596      -3.18349147    
   13.7674179      -3.54264569    
   14.5828676      -3.50922132    
   13.9678879      -3.12998915    
   11.9729366      -2.48612547    
   8.78648376      -1.68096936    
   4.71572638     -0.825623035    
  0.158492103      -2.51896661E-02
  -4.43671322      0.633865416    
  -8.61671638       1.09324765    
  -11.9662333       1.32760334    
  -14.1512661       1.34538627    
  -14.9522524       1.18489337    
  -14.2864647      0.906588197    
  -12.2162161      0.582737744    
  -8.94336224      0.285916775    
  -4.78973246       7.78487176E-02
 -0.163551882       8.91034506E-05
   4.47875547       6.79130554E-02
   8.67952442      0.268015385    
   12.0250406      0.560486674    
   14.1865358      0.884728014    
   14.9535007       1.16859806    
   14.2531853       1.33940673    
   12.1587534       1.33555281    
   8.88043785       1.11687684    
   4.74539948      0.672691584    
  0.164133310       2.59029139E-02
  -4.41054058     -0.767239332    
  -8.52829361      -1.62194359    
  -11.7875423      -2.43423486    
  -13.8726883      -3.09278560    
  -14.5865908      -3.49330783    
  -13.8690968      -3.55270195    
  -11.8016233      -3.22144485    
  -8.59842300      -2.49283504    
  -4.58412409      -1.40743709    
 -0.160981700      -5.22058085E-02
   4.23345757       1.44676614    
   8.16759109       2.93529606    
   11.2599449       4.24748945    
   13.2172117       5.22438860    
   13.8605585       5.73200226    
   13.1433496       5.67875147    
   11.1538057       5.02847958    
   8.10486317       3.80820465    
   4.31014729       2.10846162    
  0.153570339       7.81371444E-02
  -3.95244145      -2.08980536    
  -7.60569620      -4.17557287    
  -10.4555645      -5.95576811    
  -12.2365589      -7.22715425    
  -12.7932777      -7.82956362    
  -12.0939112      -7.66521168    
  -10.2316265      -6.71243334    
  -7.41143036      -5.03051281    
  -3.92965341      -2.75839281    
 -0.141571924     -0.102732047    
   3.57489252       2.68084407    
   6.85721922       5.31258726    
   9.39400387       7.51698971    
   10.9547720       9.05175877    
   11.4110270       9.73435020    
   10.7467899       9.46333790    
   9.05679893       8.23130131    
   6.53482389       6.12935400    
   3.45157576       3.34085488    
  0.125607878      0.125459209    
  -3.10979652      -3.20525479    
  -5.94032383      -6.31827641    
  -8.10109711      -8.89235401    
  -9.40324688      -10.6530848    
  -9.74783039      -11.3994579    
  -9.13468742      -11.0285101    
  -7.65867090      -9.54786110    
  -5.49688005      -7.07776546    
  -2.88797998      -3.84161997    
 -0.105973661     -0.145675838    
   2.56869650       3.65020800    
   4.87724066       7.16733265    
   6.60952568       10.0487986    
   7.62063169       11.9921398    
   7.84465551       12.7839069    
   7.29749823       12.3223104    
   6.07161474       10.6296453    
   4.32308292       7.85232353    
   2.25306821       4.24903440    
   8.34854469E-02  0.163602158    
  -1.96460724      -4.00405741    
  -3.69514084      -7.84009552    
  -4.95563364      -10.9575691    
  -5.65061569      -13.0358047    
  -5.74834967      -13.8536072    
  -5.28043318      -13.3128557    
  -4.33466339      -11.4499578    
  -3.04252434      -8.43455887    
  -1.56148016      -4.55150557    
  -5.76751642E-02 -0.177131787    
   1.31335235       4.25969648    
   2.42266917       8.31954861    
   3.18017673       11.5963583    
   3.54171944       13.7584181    
   3.51052451       14.5822105    
   3.13319445       13.9759865    
   2.49065661       11.9890518    
   1.68608701       8.80871201    
  0.830715418       4.74216795    
   2.96676625E-02  0.186553448    
 -0.630508244      -4.41023064    
  -1.09119058      -8.59398270    
  -1.32689393      -11.9495125    
  -1.34585094      -14.1419353    
  -1.18628287      -14.9518023    
 -0.908478141      -14.2948236    
 -0.584679425      -12.2325745    
 -0.287494391      -8.96611500    
  -7.87354112E-02  -4.81621027    
  -1.22476689E-04 -0.191510454    
  -6.70734420E-02   4.45119810    
 -0.266468197       8.65599918    
 -0.558546007       12.0078630    
 -0.882818401       14.1775331    
  -1.16715503       14.9532738    
  -1.33884728       14.2617331    
  -1.33616424       12.1749468    
  -1.11883140       8.90279007    
 -0.675957084       4.77168798    
  -3.03857382E-02  0.192657173    
  0.762099504      -4.38345289    
   1.61680520      -8.50566387    
   2.42968535      -11.7711430    
   3.08949041      -13.8640919    
   3.49184656      -14.5865898    
   3.55345130      -13.8774910    
   3.22471952      -11.8180256    
   2.49846554      -8.62089729    
   1.41502810      -4.61040545    
   6.09538443E-02 -0.188017815    
  -1.43759310       4.20791864    
  -2.92667985       8.14603996    
  -4.24052572       11.2447109    
  -5.21984100       13.2093668    
  -5.73055792       13.8607836    
  -5.68091059       13.1517687    
  -5.03427792       11.1694918    
  -3.81712365       8.12584496    
  -2.11987877       4.33452654    
  -9.07987952E-02  0.178497314    
   2.07695413      -3.92903662    
   4.16387081      -7.58608484    
   5.94623470      -10.4411268    
   7.22128344      -12.2292643    
   7.82816362      -12.7937107    
   7.66865873      -12.1018839    
   6.72032070      -10.2457657    
   5.04239511      -7.43045187    
   2.77323318      -3.95159078    
  0.119136781     -0.164211527    
  -2.66448927       3.55378485    
  -5.29750156       6.83908606    
  -7.50531292       9.38123226    
  -9.04481697       10.9484825    
  -9.73303223       11.4116707    
  -9.46780586       10.7539177    
  -8.24130058       9.06952763    
  -6.14406347       6.55175066    
  -3.35954475       3.47154331    
 -0.145850077      0.146050572    
   3.18517137      -3.09089708    
   6.30053854      -5.92477131    
   8.87922573      -8.09067535    
   10.6454601      -9.39831066    
   11.3982601      -9.74867630    
   11.0340338      -9.14102554    
   9.55972576      -7.66967630    
   7.09551811      -5.51174498    
   3.86320210      -2.90477729    
  0.169013247     -0.122975230    
  -3.62741399       2.55316973    
  -7.14799595       4.86507273    
  -10.0341969       6.60128355    
  -11.9838333       7.61694765    
  -12.7828426       7.84566832    
  -12.3289871       7.30303001    
  -10.6435394       6.08088875    
  -7.87217999       4.33498716    
  -4.27221060       2.26587605    
 -0.188496158       9.62112397E-02
   3.97989917      -1.95322180    
   7.81908989      -3.68614602    
   10.9418545      -4.94977522    
   13.0267496      -5.64815664    
   13.8527079      -5.74951553    
   13.3203096      -5.28484964    
   11.4651279      -4.34164858    
   8.45534039      -3.05092573    
   4.57639885      -1.57050478    
  0.203709826      -6.63504750E-02
  -4.23321724       1.30562758    
  -8.29667282       2.41686034    
  -11.5793886       3.17670202    
  -13.7490845       3.54070568    
  -14.5815115       3.51181769    
  -13.9837704       3.13633060    
  -12.0046072       2.49507451    
  -8.83054924       1.69113421    
  -4.76816463      0.835734904    
 -0.215065271       3.42227966E-02
   4.38286781     -0.627019942    
   8.57047844      -1.08903122    
   11.9322033      -1.32611620    
   14.1328468      -1.34633696    
   14.9513092      -1.18766904    
   14.3029976     -0.910358071    
   12.2491512     -0.586634755    
   8.98920250     -0.289087087    
   4.84353685      -7.96410888E-02
  0.220383763      -1.61818505E-04
  -4.42449903      -6.62519038E-02
  -8.63319111     -0.264947504    
  -11.9911880     -0.556632042    
  -14.1686287     -0.880916476    
  -14.9529991      -1.16570854    
  -14.2703648      -1.33829379    
  -12.1916218      -1.33682561    
  -8.92583847      -1.12086904    
  -4.79881811     -0.679336607    
 -0.220276922      -3.47205214E-02
   4.35720921      0.757111609    
   8.48337078       1.61173487    
   11.7544308       2.42507529    
   13.8552999       3.08615351    
   14.5865278       3.49037075    
   13.8860970       3.55425334    
   11.8338785       3.22784042    
   8.64263630       2.50387836    
   4.63584280       1.42235506    
  0.214619488       6.95554242E-02
  -4.18277740      -1.42856145    
  -8.12410831      -2.91793108    
  -11.2289228      -4.23335743    
  -13.2012005      -5.21516848    
  -13.8609457      -5.72908735    
  -13.1598892      -5.68293905    
  -11.1846561      -5.03983879    
  -8.14646721      -3.82586908    
  -4.35928249      -2.13147449    
 -0.204242036     -0.103870377    
   3.90484214       2.06369138    
   7.56578779       4.15179729    
   10.4271269       5.93695354    
   12.2221804       7.21553850    
   12.7941093       7.82674122    
   12.1095848       7.67193079    
   10.2598724       6.72818327    
   7.45005655       5.05466843    
   3.97422600       2.78855658    
  0.187594682      0.136074334    
  -3.53196216      -2.64760494    
  -6.82151651      -5.28285885    
  -9.36885357      -7.49395370    
  -10.9423800      -9.03803158    
  -11.4122705      -9.73167706    
  -10.7612104      -9.47241688    
  -9.08261585      -8.25162411    
  -6.56919098      -6.15924931    
  -3.49087930      -3.37761688    
 -0.165848777     -0.165589720    
   3.07259154       3.16570735    
   5.90970612       6.28332472    
   8.08022213       8.86606598    
   9.39314556       10.6375771    
   9.74947929       11.3970127    
   9.14750385       11.0397253    
   7.68098688       9.57196617    
   5.52614450       7.11266422    
   2.92104793       3.88407493    
  0.139442086      0.191606611    
  -2.53762984      -3.60460973    
  -4.85246229      -7.12801600    
  -6.59271336      -10.0191031    
  -7.61307621      -11.9752378    
  -7.84666061      -12.7817421    
  -7.30839825      -12.3353844    
  -6.08988190      -10.6569366    
  -4.34652519      -7.89136457    
  -2.27868056      -4.29536963    
 -0.109357648     -0.214202359    
   1.94143891       3.95494342    
   3.67681503       7.79738283    
   4.94367027       10.9256029    
   5.64579296       13.0179186    
   5.75066519       13.8517723    
   5.28914976       13.3274632    
   4.34861994       11.4802551    
   3.05956912       8.47677898    
   1.57980978       4.60209322    
   7.53141642E-02  0.231155872    
  -1.29815090      -4.20756102    
  -2.41124797      -8.27448750    
  -3.17335796      -11.5629063    
  -3.53975105      -13.7399883    
  -3.51309872      -14.5807629    
  -3.13951612      -13.9917660    
  -2.49959350      -12.0206356    
  -1.69631720      -8.85307407    
 -0.840906084      -4.79499674    
  -3.86392660E-02 -0.242671430    
  0.623648226       4.35635567    
   1.08695781       8.54768658    
   1.32533038       11.9148502    
   1.34678829       14.1234140    
   1.18904984       14.9507494    
  0.912253320       14.3113899    
  0.588565826       12.2651567    
  0.290659457       9.01152420    
   8.05373266E-02   4.86997890    
   2.05870965E-04  0.248340845    
   6.54351935E-02  -4.39778423    
  0.263407230      -8.60960293    
  0.554693878      -11.9739227    
  0.878994763      -14.1593742    
   1.16425693      -14.9526577    
   1.33770871      -14.2786751    
   1.33742154      -12.2077284    
   1.12280726      -8.94812965    
  0.682708621      -4.82593155    
   3.91923860E-02 -0.248800948    
 -0.751976371       4.33008718    
  -1.60652351       8.46031094    
  -2.42057037       11.7382145    
  -3.08287168       13.8467464    
  -3.48888564       14.5864258    
  -3.55497456       13.8943930    
  -3.23094773       11.8496914    
  -2.50948167       8.66504955    
  -1.42992580       4.66209269    
  -7.84338564E-02  0.242092878    
   1.41924655      -4.15679121    
   2.90942907      -8.10284901    
   4.22636986      -11.2136068    
   5.21058798      -13.1932621    
   5.72759724      -13.8610592    
   5.68505383      -13.1682129    
   5.04559469      -11.2002640    
   3.83490801      -8.16772461    
   2.14267659      -4.38324547    
  0.116521813     -0.229172468    
  -2.05083466       3.88140512    
  -4.14007330       7.54611778    
  -5.92765474       10.4130898    
  -7.20961809       12.2147942    
  -7.82528353       12.7944489    
  -7.67531729       12.1174698    
  -6.73630762       10.2743826    
  -5.06650829       7.46902895    
  -2.80336881       3.99614120    
 -0.152469516      0.210239306    
   2.63071418      -3.51012230    
   5.26774073      -6.80332708    
   7.48222685      -9.35600948    
   9.03102589      -10.9360075    
   9.73029613      -11.4128418    
   9.47681522      -10.7682638    
   8.26156139      -9.09528542    
   6.17391014      -6.58607769    
   3.39567327      -3.51020646    
  0.185971752     -0.186297983    
  -3.14560771       3.05366182    
  -6.26554632       5.89410305    
  -8.85247231       8.06936836    
  -10.6298800       9.38814068    
  -11.3957348       9.75025463    
  -11.0451679       9.15377903    
  -9.58416843       7.69227076    
  -7.13036060       5.54097652    
  -3.90562248       2.93783236    
 -0.214936331      0.156451479    
   3.58251095      -2.52258015    
   7.10863352      -4.84025288    
   10.0044346      -6.58441925    
   11.9668474      -7.60933399    
   12.7805977      -7.84762430    
   12.3419676      -7.31387806    
   10.6707516      -6.09911680    
   7.91116095      -4.35840607    
   4.31927633      -2.29188728    
  0.239090085     -0.122092232    
  -3.93076110       1.93003035    
  -7.77632475       3.66778588    
  -10.9093113       4.93754339    
  -13.0087700       5.64328909    
  -13.8507729       5.75178814    
  -13.3348188       5.29353094    
  -11.4948473       4.35539293    
  -8.49749851       3.06795716    
  -4.62694979       1.58883274    
 -0.257729053       8.39991346E-02
   4.18189001      -1.29066455    
   8.25155449      -2.40541315    
   11.5458527      -3.16985440    
   13.7305565      -3.53870821    
   14.5799456      -3.51436305    
   13.9994507      -3.14263344    
   12.0361032      -2.50399923    
   8.87484646      -1.70136070    
   4.82181072     -0.846079230    
  0.271179885      -4.32048552E-02
  -4.32896185      0.620145082    
  -8.52411938       1.08478141    
  -11.8980026       1.32459724    
  -14.1142244       1.34726119    
  -14.9501514       1.19042730    
  -14.3194618      0.914129913    
  -12.2811203      0.590497911    
  -9.03454590      0.292258680    
  -4.89727020       8.14526826E-02
