   0.00000000       0.00000000    
  0.313913852       4.93135303E-03
  0.626356959       1.96840614E-02
  0.935866535       4.41343524E-02
   1.24099588       7.80768469E-02
   1.54032195      0.121225975    
   1.83245385      0.173217893    
   2.11603999      0.233612984    
   2.38977480      0.301898777    
   2.65240645      0.377493352    
   2.90274358      0.459749460    
   3.13966179      0.547958791    
   3.36210990      0.641356826    
   3.56911373      0.739128113    
   3.75978446      0.840411544    
   3.93331933      0.944306672    
   4.08900976       1.04987943    
   4.22624063       1.15616882    
   4.34449863       1.26219380    
   4.44336987       1.36695933    
   4.52254248       1.46946359    
   4.58181190       1.56870520    
   4.62107611       1.66369021    
   4.64033890       1.75343835    
   4.63970852       1.83699119    
   4.61939764       1.91341758    
   4.57971811       1.98182154    
   4.52108240       2.04134750    
   4.44399977       2.09118843    
   4.34907103       2.13058853    
   4.23698711       2.15885329    
   4.10852146       2.17535067    
   3.96452856       2.17951870    
   3.80593657       2.17086864    
   3.63374090       2.14898896    
   3.44899988       2.11355066    
   3.25282693       2.06430745    
   3.04638433       2.00110126    
   2.83087564       1.92386174    
   2.60753870       1.83260953    
   2.37763834       1.72745597    
   2.14245915       1.60860467    
   1.90329707       1.47634923    
   1.66145205       1.33107471    
   1.41822088       1.17325485    
   1.17488837       1.00344992    
  0.932721615      0.822305083    
  0.692961633      0.630546808    
  0.456816256      0.428979278    
  0.225453913      0.218480155    
  -3.68083329E-06  -3.68083511E-06
 -0.218487278     -0.225461498    
 -0.428986102     -0.456824064    
 -0.630553365     -0.692969501    
 -0.822311223     -0.932729602    
  -1.00345564      -1.17489636    
  -1.17326021      -1.41822886    
  -1.33107984      -1.66146028    
  -1.47635388      -1.90330529    
  -1.60860884      -2.14246702    
  -1.72745979      -2.37764597    
  -1.83261275      -2.60754609    
  -1.92386460      -2.83088279    
  -2.00110364      -3.04639149    
  -2.06430936      -3.25283313    
  -2.11355209      -3.44900584    
  -2.14898992      -3.63374615    
  -2.17086911      -3.80594134    
  -2.17951894      -3.96453309    
  -2.17535043      -4.10852528    
  -2.15885258      -4.23698997    
  -2.13058758      -4.34907389    
  -2.09118676      -4.44400215    
  -2.04134607      -4.52108479    
  -1.98181951      -4.57971907    
  -1.91341543      -4.61939859    
  -1.83698893      -4.63970900    
  -1.75343597      -4.64033890    
  -1.66368759      -4.62107563    
  -1.56870234      -4.58181047    
  -1.46946049      -4.52254057    
  -1.36695623      -4.44336700    
  -1.26219082      -4.34449577    
  -1.15616572      -4.22623730    
  -1.04987633      -4.08900547    
 -0.944303513      -3.93331480    
 -0.840408504      -3.75977898    
 -0.739125073      -3.56910801    
 -0.641353965      -3.36210346    
 -0.547956049      -3.13965487    
 -0.459746867      -2.90273619    
 -0.377490968      -2.65239859    
 -0.301896572      -2.38976645    
 -0.233611032      -2.11603165    
 -0.173216194      -1.83244526    
 -0.121224485      -1.54031277    
  -7.80756176E-02  -1.24098623    
  -4.41334099E-02 -0.935856700    
  -1.96834262E-02 -0.626346946    
  -4.93103033E-03 -0.313903570    
  -5.41941622E-12   1.04109713E-05
  -4.93168412E-03  0.313924372    
  -1.96847264E-02  0.626367509    
  -4.41353433E-02  0.935877025    
  -7.80781806E-02   1.24100626    
 -0.121227652       1.54033244    
 -0.173219904       1.83246422    
 -0.233615309       2.11605000    
 -0.301901370       2.38978434    
 -0.377496213       2.65241551    
 -0.459752530       2.90275240    
 -0.547962129       3.13967037    
 -0.641360343       3.36211777    
 -0.739131749       3.56912136    
 -0.840415239       3.75979090    
 -0.944310427       3.93332529    
  -1.04988325       4.08901501    
  -1.15617287       4.22624540    
  -1.26219785       4.34450340    
  -1.36696315       4.44337320    
  -1.46946728       4.52254534    
  -1.56870902       4.58181429    
  -1.66369367       4.62107754    
  -1.75344169       4.64033937    
  -1.83699417       4.63970852    
  -1.91342020       4.61939621    
  -1.98182380       4.57971621    
  -2.04134965       4.52108002    
  -2.09118962       4.44399738    
  -2.13058949       4.34906769    
  -2.15885377       4.23698282    
  -2.17535114       4.10851717    
  -2.17951894       3.96452451    
  -2.17086816       3.80593133    
  -2.14898825       3.63373566    
  -2.11354923       3.44899416    
  -2.06430602       3.25282097    
  -2.00109911       3.04637837    
  -1.92385924       2.83086896    
  -1.83260655       2.60753179    
  -1.72745275       2.37763143    
  -1.60860085       2.14245224    
  -1.47634530       1.90329015    
  -1.33107042       1.66144514    
  -1.17324996       1.41821361    
  -1.00344467       1.17488122    
 -0.822299659      0.932714522    
 -0.630541027      0.692954600    
 -0.428973198      0.456809431    
 -0.218473852      0.225447208    
   1.01995729E-05  -1.01995583E-05
  0.225468233     -0.218493596    
  0.456830919     -0.428992152    
  0.692976475     -0.630559146    
  0.932736635     -0.822316766    
   1.17490339      -1.00346088    
   1.41823590      -1.17326498    
   1.66146743      -1.33108425    
   1.90331233      -1.47635806    
   2.14247417      -1.60861242    
   2.37765312      -1.72746313    
   2.60755277      -1.83261561    
   2.83088923      -1.92386699    
   3.04639745      -2.00110555    
   3.25283980      -2.06431103    
   3.44901156      -2.11355329    
   3.63375235      -2.14899111    
   3.80594659      -2.17086935    
   3.96453786      -2.17951870    
   4.10852957      -2.17535019    
   4.23699427      -2.15885186    
   4.34907722      -2.13058639    
   4.44400501      -2.09118533    
   4.52108669      -2.04134417    
   4.57972097      -1.98181748    
   4.61939907      -1.91341305    
   4.63970900      -1.83698618    
   4.64033842      -1.75343311    
   4.62107420      -1.66368437    
   4.58180857      -1.56869912    
   4.52253866      -1.46945739    
   4.44336414      -1.36695290    
   4.34449196      -1.26218712    
   4.22623253      -1.15616214    
   4.08900023      -1.04987276    
   3.93330908     -0.944300056    
   3.75977278     -0.840405047    
   3.56910133     -0.739121795    
   3.36209607     -0.641350806    
   3.13964772     -0.547953069    
   2.90272808     -0.459744036    
   2.65238976     -0.377488285    
   2.38975763     -0.301894188    
   2.11602211     -0.233608887    
   1.83243561     -0.173214301    
   1.54030299     -0.121222913    
   1.24097621      -7.80743435E-02
  0.935846508      -4.41324450E-02
  0.626336575      -1.96827762E-02
  0.313893229      -4.93070344E-03
  -2.08219426E-05  -2.16776649E-11
 -0.313934743      -4.93201008E-03
 -0.626377881      -1.96853783E-02
 -0.935887277      -4.41363193E-02
  -1.24101627      -7.80794546E-02
  -1.54034233     -0.121229231    
  -1.83247375     -0.173221767    
  -2.11605930     -0.233617440    
  -2.38979316     -0.301903754    
  -2.65242386     -0.377498806    
  -2.90276027     -0.459755331    
  -3.13967776     -0.547965050    
  -3.36212468     -0.641363502    
  -3.56912780     -0.739135027    
  -3.75979686     -0.840418637    
  -3.93333101     -0.944313884    
  -4.08901978      -1.04988682    
  -4.22625017      -1.15617645    
  -4.34450626      -1.26220119    
  -4.44337606      -1.36696649    
  -4.52254820      -1.46947074    
  -4.58181572      -1.56871200    
  -4.62107801      -1.66369677    
  -4.64033985      -1.75344455    
  -4.63970852      -1.83699691    
  -4.61939526      -1.91342258    
  -4.57971478      -1.98182607    
  -4.52107763      -2.04135156    
  -4.44399357      -2.09119129    
  -4.34906387      -2.13059115    
  -4.23697853      -2.15885472    
  -4.10851192      -2.17535162    
  -3.96451783      -2.17951870    
  -3.80592465      -2.17086744    
  -3.63372850      -2.14898729    
  -3.44898653      -2.11354756    
  -3.25281310      -2.06430364    
  -3.04636931      -2.00109625    
  -2.83086014      -1.92385590    
  -2.60752249      -1.83260250    
  -2.37762213      -1.72744834    
  -2.14244270      -1.60859573    
  -1.90328050      -1.47633958    
  -1.66143525      -1.33106411    
  -1.41820371      -1.17324328    
  -1.17487133      -1.00343752    
 -0.932704747     -0.822292030    
 -0.692944825     -0.630533040    
 -0.456799924     -0.428964823    
 -0.225437909     -0.218465135    
   1.92470816E-05   1.92471343E-05
  0.218502343      0.225477546    
  0.429000556      0.456840456    
  0.630567133      0.692986131    
  0.822324336      0.932746470    
   1.00346529       1.17490971    
   1.17326927       1.41824222    
   1.33108819       1.66147363    
   1.47636139       1.90331829    
   1.60861564       2.14248013    
   1.72746599       2.37765908    
   1.83261836       2.60755873    
   1.92386913       2.83089471    
   2.00110745       3.04640317    
   2.06431270       3.25284481    
   2.11355448       3.44901681    
   2.14899182       3.63375664    
   2.17086983       3.80595088    
   2.17951894       3.96454167    
   2.17534971       4.10853338    
   2.15885139       4.23699760    
   2.13058567       4.34908056    
   2.09118414       4.44400740    
   2.04134274       4.52108812    
   1.98181593       4.57972193    
   1.91341114       4.61940002    
   1.83698428       4.63970995    
   1.75343084       4.64033794    
   1.66368198       4.62107325    
   1.56869662       4.58180761    
   1.46945465       4.52253628    
   1.36695015       4.44336128    
   1.26218462       4.34448957    
   1.15615952       4.22622919    
   1.04987001       4.08899641    
  0.944297314       3.93330479    
  0.840402424       3.75976801    
  0.739119291       3.56909633    
  0.641348362       3.36209083    
  0.547950745       3.13964152    
  0.459741861       2.90272164    
  0.377486318       2.65238333    
  0.301892310       2.38975072    
  0.233607247       2.11601520    
  0.173212871       1.83242822    
  0.121221699       1.54029548    
   7.80733526E-02   1.24096835    
   4.41316962E-02  0.935838640    
   1.96822751E-02  0.626328647    
   4.93045198E-03  0.313885212    
   4.16124496E-11  -2.88487263E-05
   4.93226247E-03 -0.313942760    
   1.96858793E-02 -0.626385808    
   4.41370644E-02 -0.935895145    
   7.80804530E-02  -1.24102402    
  0.121230446      -1.54034984    
  0.173223212      -1.83248127    
  0.233619079      -2.11606646    
  0.301905572      -2.38980031    
  0.377500832      -2.65243053    
  0.459757537      -2.90276647    
  0.547967434      -3.13968396    
  0.641365945      -3.36213040    
  0.739137530      -3.56913280    
  0.840421259      -3.75980186    
  0.944316626      -3.93333507    
   1.04988956      -4.08902359    
   1.15617919      -4.22625303    
   1.26220393      -4.34450912    
   1.36696935      -4.44337845    
   1.46947324      -4.52254963    
   1.56871450      -4.58181667    
   1.66369903      -4.62107897    
   1.75344682      -4.64033985    
   1.83699882      -4.63970804    
   1.91342461      -4.61939430    
   1.98182750      -4.57971287    
   2.04135275      -4.52107573    
   2.09119272      -4.44399166    
   2.13059187      -4.34906149    
   2.15885544      -4.23697519    
   2.17535186      -4.10850859    
   2.17951846      -3.96451402    
   2.17086697      -3.80592060    
   2.14898634      -3.63372350    
   2.11354661      -3.44898176    
   2.06430244      -3.25280786    
   2.00109458      -3.04636407    
   1.92385375      -2.83085465    
   1.83260012      -2.60751677    
   1.72744536      -2.37761617    
   1.60859251      -2.14243650    
   1.47633600      -1.90327418    
   1.33106041      -1.66142917    
   1.17323911      -1.41819751    
   1.00343299      -1.17486501    
  0.822287261     -0.932698548    
  0.630528033     -0.692938864    
  0.428959548     -0.456793904    
  0.218459621     -0.225432068    
  -2.49229470E-05   2.49228578E-05
 -0.225483373      0.218507811    
 -0.456846446      0.429005831    
 -0.692992270      0.630572140    
 -0.932752669      0.822329164    
  -1.17491961       1.00347245    
  -1.41825211       1.17327595    
  -1.66148341       1.33109426    
  -1.90332818       1.47636712    
  -2.14248991       1.60862064    
  -2.37766838       1.72747052    
  -2.60756779       1.83262217    
  -2.83090377       1.92387271    
  -3.04641151       2.00111032    
  -3.25285292       2.06431484    
  -3.44902444       2.11355615    
  -3.63376403       2.14899278    
  -3.80595756       2.17087054    
  -3.96454811       2.17951918    
  -4.10853910       2.17534947    
  -4.23700237       2.15885043    
  -4.34908485       2.13058448    
  -4.44401073       2.09118247    
  -4.52109146       2.04134059    
  -4.57972431       1.98181331    
  -4.61940145       1.91340828    
  -4.63971043       1.83698094    
  -4.64033747       1.75342715    
  -4.62107229       1.66367817    
  -4.58180571       1.56869268    
  -4.52253389       1.46945047    
  -4.44335794       1.36694574    
  -4.34448481       1.26218033    
  -4.22622490       1.15615523    
  -4.08899069       1.04986572    
  -3.93329811      0.944293082    
  -3.75976110      0.840398312    
  -3.56908798      0.739115179    
  -3.36208224      0.641344488    
  -3.13963223      0.547947049    
  -2.90271211      0.459738404    
  -2.65237308      0.377483100    
  -2.38973999      0.301889449    
  -2.11600375      0.233604625    
  -1.83241653      0.173210576    
  -1.54028332      0.121219747    
  -1.24095619       7.80717805E-02
 -0.935826123       4.41305004E-02
 -0.626315951       1.96814742E-02
 -0.313872457       4.93005058E-03
   4.16438852E-05   8.67106595E-11
  0.313955545       4.93266387E-03
  0.626398444       1.96866784E-02
  0.935907602       4.41382527E-02
   1.24103630       7.80820101E-02
   1.54036188      0.121232383    
   1.83249295      0.173225507    
   2.11607790      0.233621731    
   2.38981104      0.301908523    
   2.65244102      0.377504051    
   2.90277648      0.459760994    
   3.13969302      0.547971129    
   3.36213899      0.641369820    
   3.56914115      0.739141643    
   3.75980902      0.840425491    
   3.93334198      0.944320917    
   4.08902931       1.04989386    
   4.22625828       1.15618336    
   4.34451389       1.26220834    
   4.44338179       1.36697352    
   4.52255201       1.46947730    
   4.58181858       1.56871855    
   4.62107992       1.66370285    
   4.64033985       1.75345027    
   4.63970709       1.83700204    
   4.61939335       1.91342759    
   4.57971144       1.98183024    
   4.52107334       2.04135513    
   4.44398832       2.09119439    
   4.34905720       2.13059330    
   4.23697042       2.15885639    
   4.10850286       2.17535233    
   3.96450806       2.17951846    
   3.80591369       2.17086649    
   3.63371634       2.14898515    
   3.44897389       2.11354470    
   3.25279951       2.06430006    
   3.04635572       2.00109172    
   2.83084559       1.92385042    
   2.60750747       1.83259606    
   2.37760663       1.72744083    
   2.14242697       1.60858738    
   1.90326440       1.47633028    
   1.66141915       1.33105409    
   1.41818762       1.17323244    
   1.17485511       1.00342584    
  0.932688713      0.822279692    
  0.692929149      0.630520046    
  0.456784427      0.428951174    
  0.225422740      0.218450874    
  -3.39703620E-05  -3.39705257E-05
 -0.218516529     -0.225492656    
 -0.429014236     -0.456855953    
 -0.630580187     -0.693001926    
 -0.822336614     -0.932762384    
  -1.00347960      -1.17492950    
  -1.17328250      -1.41826212    
  -1.33110034      -1.66149318    
  -1.47637284      -1.90333807    
  -1.60862589      -2.14249945    
  -1.72747529      -2.37767792    
  -1.83262610      -2.60757685    
  -1.92387605      -2.83091283    
  -2.00111318      -3.04642010    
  -2.06431723      -3.25286126    
  -2.11355782      -3.44903207    
  -2.14899397      -3.63377094    
  -2.17087102      -3.80596423    
  -2.17951918      -3.96455407    
  -2.17534900      -4.10854435    
  -2.15884948      -4.23700714    
  -2.13058305      -4.34908867    
  -2.09118056      -4.44401407    
  -2.04133844      -4.52109385    
  -1.98181069      -4.57972670    
  -1.91340542      -4.61940241    
  -1.83697760      -4.63971090    
  -1.75342369      -4.64033747    
  -1.66367447      -4.62107134    
  -1.56868887      -4.58180380    
  -1.46944654      -4.52253103    
  -1.36694181      -4.44335461    
  -1.26217592      -4.34448004    
  -1.15615094      -4.22621965    
  -1.04986143      -4.08898449    
 -0.944288790      -3.93329120    
 -0.840394020      -3.75975323    
 -0.739111185      -3.56908035    
 -0.641340554      -3.36207318    
 -0.547943294      -3.13962293    
 -0.459734917      -2.90270209    
 -0.377479911      -2.65236259    
 -0.301886499      -2.38972902    
 -0.233602017      -2.11599255    
 -0.173208281      -1.83240473    
 -0.121217810      -1.54027116    
  -7.80702159E-02  -1.24094391    
  -4.41293083E-02 -0.935813487    
  -1.96806751E-02 -0.626303256    
  -4.92964918E-03 -0.313859671    
  -1.48180468E-10   5.44390423E-05
  -4.93306527E-03  0.313968331    
  -1.96874775E-02  0.626411140    
  -4.41394486E-02  0.935920179    
  -7.80835897E-02   1.24104857    
 -0.121234313       1.54037380    
 -0.173227802       1.83250475    
 -0.233624339       2.11608911    
 -0.301911473       2.38982201    
 -0.377507240       2.65245128    
 -0.459761947       2.90277934    
 -0.547972083       3.13969541    
 -0.641370833       3.36214113    
 -0.739142656       3.56914306    
 -0.840426564       3.75981116    
 -0.944321990       3.93334365    
  -1.04989481       4.08903074    
  -1.15618443       4.22625971    
  -1.26220930       4.34451485    
  -1.36697447       4.44338226    
  -1.46947837       4.52255297    
  -1.56871963       4.58181953    
  -1.66370380       4.62108040    
  -1.75345123       4.64033985    
  -1.83700287       4.63970709    
  -1.91342831       4.61939287    
  -1.98183084       4.57971048    
  -2.04135585       4.52107239    
  -2.09119463       4.44398689    
  -2.13059354       4.34905577    
  -2.15885663       4.23696899    
  -2.17535257       4.10850143    
  -2.17951846       3.96450663    
  -2.17086649       3.80591202    
  -2.14898467       3.63371444    
  -2.11354446       3.44897199    
  -2.06429935       3.25279737    
  -2.00109100       3.04635358    
  -1.92384946       2.83084321    
  -1.83259523       2.60750532    
  -1.72743964       2.37760401    
  -1.60858619       2.14242458    
  -1.47632885       1.90326178    
  -1.33105254       1.66141665    
  -1.17323077       1.41818511    
  -1.00342417       1.17485273    
 -0.822277784      0.932686269    
 -0.630517960      0.692926645    
 -0.428949028      0.456781983    
 -0.218448669      0.225420386    
   3.62745814E-05  -3.62743958E-05
  0.225495055     -0.218518779    
  0.456858337     -0.429016322    
  0.693004429     -0.630582213    
  0.932764947     -0.822338641    
   1.17493188      -1.00348139    
   1.41826463      -1.17328429    
   1.66149592      -1.33110213    
   1.90334046      -1.47637415    
   2.14250207      -1.60862720    
   2.37768030      -1.72747624    
   2.60757923      -1.83262718    
   2.83091497      -1.92387700    
   3.04642224      -2.00111389    
   3.25286341      -2.06431770    
   3.44903445      -2.11355829    
   3.63377309      -2.14899421    
   3.80596638      -2.17087126    
   3.96455574      -2.17951918    
   4.10854578      -2.17534876    
   4.23700809      -2.15884924    
   4.34909010      -2.13058257    
   4.44401503      -2.09118009    
   4.52109480      -2.04133773    
   4.57972670      -1.98180997    
   4.61940289      -1.91340458    
   4.63971043      -1.83697665    
   4.64033699      -1.75342286    
   4.62107086      -1.66367364    
   4.58180285      -1.56868780    
   4.52253008      -1.46944535    
   4.44335365      -1.36694062    
   4.34447956      -1.26217496    
   4.22621822      -1.15614974    
   4.08898354      -1.04986036    
   3.93328953     -0.944287658    
   3.75975180     -0.840393007    
   3.56907797     -0.739110112    
   3.36207080     -0.641339540    
   3.13962030     -0.547942400    
   2.90269947     -0.459734023    
   2.65235972     -0.377479047    
   2.38972616     -0.301885724    
   2.11598945     -0.233601332    
   1.83240187     -0.173207715    
   1.54026830     -0.121217333    
   1.24094069      -7.80698061E-02
  0.935810387      -4.41290103E-02
  0.626300097      -1.96804721E-02
  0.313856453      -4.92954766E-03
  -5.76974526E-05  -1.66449798E-10
 -0.313971549      -4.93316771E-03
 -0.626414418      -1.96876824E-02
 -0.935923338      -4.41397466E-02
  -1.24105179      -7.80839920E-02
  -1.54037702     -0.121234819    
  -1.83250773     -0.173228383    
  -2.11609197     -0.233624995    
  -2.38982439     -0.301912159    
  -2.65245414     -0.377508074    
  -2.90278888     -0.459765375    
  -3.13970470     -0.547975779    
  -3.36215019     -0.641374767    
  -3.56915116     -0.739146709    
  -3.75981808     -0.840430677    
  -3.93335009     -0.944326222    
  -4.08903694      -1.04989922    
  -4.22626495      -1.15618885    
  -4.34451962      -1.26221371    
  -4.44338608      -1.36697876    
  -4.52255535      -1.46948242    
  -4.58182096      -1.56872344    
  -4.62108135      -1.66370749    
  -4.64034033      -1.75345469    
  -4.63970709      -1.83700621    
  -4.61939192      -1.91343129    
  -4.57970858      -1.98183358    
  -4.52107000      -2.04135799    
  -4.44398355      -2.09119654    
  -4.34905195      -2.13059497    
  -4.23696423      -2.15885758    
  -4.10849619      -2.17535281    
  -3.96449995      -2.17951846    
  -3.80590534      -2.17086577    
  -3.63370705      -2.14898372    
  -3.44896412      -2.11354280    
  -3.25278950      -2.06429720    
  -3.04634476      -2.00108814    
  -2.83083439      -1.92384601    
  -2.60749602      -1.83259118    
  -2.37759495      -1.72743523    
  -2.14241505      -1.60858119    
  -1.90325212      -1.47632325    
  -1.66140664      -1.33104634    
  -1.41817510      -1.17322409    
  -1.17484283      -1.00341702    
 -0.932676315     -0.822270095    
 -0.692916930     -0.630509973    
 -0.456772417     -0.428940624    
 -0.225411072     -0.218439922    
   4.53218854E-05   4.53221764E-05
  0.218527496      0.225504339    
  0.429024756      0.456867903    
  0.630590200      0.693014085    
  0.822346210      0.932774782    
   1.00348866       1.17494190    
   1.17329097       1.41827452    
   1.33110833       1.66150582    
   1.47637987       1.90335035    
   1.60863245       2.14251184    
   1.72748089       2.37768960    
   1.83263099       2.60758853    
   1.92388046       2.83092380    
   2.00111675       3.04643106    
   2.06431985       3.25287151    
   2.11355996       3.44904184    
   2.14899540       3.63378000    
   2.17087197       3.80597305    
   2.17951941       3.96456194    
   2.17534828       4.10855103    
   2.15884852       4.23701334    
   2.13058114       4.34909439    
   2.09117818       4.44401836    
   2.04133558       4.52109718    
   1.98180735       4.57972908    
   1.91340160       4.61940384    
   1.83697355       4.63971138    
   1.75341940       4.64033699    
   1.66366982       4.62106991    
   1.56868374       4.58180094    
   1.46944118       4.52252722    
   1.36693645       4.44335032    
   1.26217055       4.34447479    
   1.15614545       4.22621250    
   1.04985595       4.08897686    
  0.944283485       3.93328333    
  0.840388775       3.75974417    
  0.739105999       3.56906986    
  0.641335666       3.36206222    
  0.547938645       3.13961101    
  0.459730536       2.90268946    
  0.377475798       2.65234923    
  0.301882803       2.38971496    
  0.233598724       2.11597824    
  0.173205405       1.83239007    
  0.121215373       1.54025614    
   7.80682340E-02   1.24092841    
   4.41278219E-02  0.935797870    
   1.96796730E-02  0.626287401    
   4.92914580E-03  0.313843668    
   2.48460419E-10  -7.04926133E-05
   4.93356865E-03 -0.313984305    
   1.96884815E-02 -0.626427054    
   4.41409387E-02 -0.935935855    
   7.80855566E-02  -1.24106419    
  0.121236756      -1.54038906    
  0.173230678      -1.83251929    
  0.233627632      -2.11610341    
  0.301915109      -2.38983536    
  0.377511322      -2.65246439    
  0.459768862      -2.90279889    
  0.547979474      -3.13971424    
  0.641378701      -3.36215878    
  0.739150822      -3.56915927    
  0.840434968      -3.75982594    
  0.944330573      -3.93335724    
   1.04990351      -4.08904266    
   1.15619314      -4.22627020    
   1.26221788      -4.34452391    
   1.36698294      -4.44338989    
   1.46948659      -4.52255869    
   1.56872749      -4.58182335    
   1.66371119      -4.62108278    
   1.75345826      -4.64034128    
   1.83700943      -4.63970613    
   1.91343415      -4.61939049    
   1.98183620      -4.57970667    
   2.04136038      -4.52106714    
   2.09119844      -4.44397974    
   2.13059640      -4.34904766    
   2.15885830      -4.23695946    
   2.17535329      -4.10849047    
   2.17951822      -3.96449351    
   2.17086506      -3.80589843    
   2.14898276      -3.63370013    
   2.11354113      -3.44895649    
   2.06429458      -3.25278091    
   2.00108528      -3.04633617    
   1.92384255      -2.83082533    
   1.83258712      -2.60748672    
   1.72743058      -2.37758541    
   1.60857594      -2.14240503    
   1.47631752      -1.90324223    
   1.33104026      -1.66139698    
   1.17321742      -1.41816521    
   1.00340986      -1.17483294    
  0.822262466     -0.932666540    
  0.630501866     -0.692907155    
  0.428932220     -0.456762910    
  0.218431175     -0.225401744    
  -5.43697897E-05   5.43693714E-05
 -0.225513652      0.218536243    
 -0.456877410      0.429033130    
 -0.693023801      0.630598247    
 -0.932784617      0.822353840    
  -1.17495179       1.00349581    
  -1.41828454       1.17329764    
  -1.66151559       1.33111441    
  -1.90336001       1.47638547    
  -2.14252138       1.60863745    
  -2.37769914       1.72748530    
  -2.60759759       1.83263516    
  -2.83093262       1.92388368    
  -3.04643965       2.00111961    
  -3.25287962       2.06432223    
  -3.44904971       2.11356163    
  -3.63378787       2.14899683    
  -3.80597949       2.17087245    
  -3.96456790       2.17951918    
  -4.10855675       2.17534804    
  -4.23701811       2.15884757    
  -4.34909821       2.13057971    
  -4.44402170       2.09117627    
  -4.52110052       2.04133320    
  -4.57973051       1.98180473    
  -4.61940527       1.91339862    
  -4.63971138       1.83697021    
  -4.64033651       1.75341594    
  -4.62106848       1.66366601    
  -4.58179903       1.56867993    
  -4.52252483       1.46943712    
  -4.44334650       1.36693215    
  -4.34447050       1.26216638    
  -4.22620726       1.15614104    
  -4.08897114       1.04985166    
  -3.93327641      0.944279194    
  -3.75973654      0.840384603    
  -3.56906176      0.739102006    
  -3.36205363      0.641331792    
  -3.13960171      0.547934949    
  -2.90267944      0.459727049    
  -2.65233874      0.377472609    
  -2.38970399      0.301879853    
  -2.11596680      0.233596072    
  -1.83237839      0.173203126    
  -1.54024410      0.121213436    
  -1.24091613       7.80666694E-02
 -0.935785294       4.41266298E-02
 -0.626274645       1.96788721E-02
 -0.313830882       4.92874440E-03
   8.32877704E-05   3.46842638E-10
  0.313997090       4.93397098E-03
  0.626439691       1.96892787E-02
  0.935948372       4.41421270E-02
   1.24107647       7.80871361E-02
   1.54040098      0.121238686    
   1.83253109      0.173232973    
   2.11611462      0.233630240    
   2.38984656      0.301918089    
   2.65247488      0.377514511    
   2.90280914      0.459772378    
   3.13972378      0.547983229    
   3.36216736      0.641382515    
   3.56916738      0.739154816    
   3.75983334      0.840439081    
   3.93336368      0.944334745    
   4.08904886       1.04990792    
   4.22627544       1.15619755    
   4.34452820       1.26222229    
   4.44339371       1.36698723    
   4.52256107       1.46949077    
   4.58182526       1.56873143    
   4.62108374       1.66371500    
   4.64034128       1.75346172    
   4.63970613       1.83701277    
   4.61938953       1.91343713    
   4.57970524       1.98183882    
   4.52106428       2.04136229    
   4.44397640       2.09120011    
   4.34904337       2.13059783    
   4.23695469       2.15885949    
   4.10848475       2.17535377    
   3.96448755       2.17951798    
   3.80589175       2.17086458    
   3.63369250       2.14898133    
   3.44894886       2.11353922    
   3.25277281       2.06429243    
   3.04632759       2.00108242    
   2.83081651       1.92383909    
   2.60747766       1.83258319    
   2.37757564       1.72742593    
   2.14239550       1.60857081    
   1.90323257       1.47631192    
   1.66138697       1.33103395    
   1.41815531       1.17321062    
   1.17482293       1.00340259    
  0.932656765      0.822254956    
  0.692897499      0.630493939    
  0.456753373      0.428923786    
  0.225392461      0.218422428    
  -6.34168318E-05  -6.34173994E-05
 -0.218544990     -0.225522965    
 -0.429041564     -0.456886977    
 -0.630606294     -0.693033516    
 -0.822361350     -0.932794333    
  -1.00350285      -1.17496157    
  -1.17330432      -1.41829431    
  -1.33112049      -1.66152537    
  -1.47639120      -1.90336990    
  -1.60864258      -2.14253092    
  -1.72748995      -2.37770867    
  -1.83263922      -2.60760689    
  -1.92388713      -2.83094168    
  -2.00112224      -3.04644799    
  -2.06432462      -3.25288796    
  -2.11356354      -3.44905734    
  -2.14899778      -3.63379478    
  -2.17087293      -3.80598640    
  -2.17951941      -3.96457410    
  -2.17534757      -4.10856247    
  -2.15884638      -4.23702288    
  -2.13057852      -4.34910250    
  -2.09117484      -4.44402599    
  -2.04133105      -4.52110291    
  -1.98180211      -4.57973242    
  -1.91339564      -4.61940670    
  -1.83696687      -4.63971186    
  -1.75341213      -4.64033604    
  -1.66366220      -4.62106705    
  -1.56867588      -4.58179712    
  -1.46943307      -4.52252197    
  -1.36692798      -4.44334269    
  -1.26216209      -4.34446621    
  -1.15613675      -4.22620249    
  -1.04984725      -4.08896494    
 -0.944274902      -3.93326974    
 -0.840380371      -3.75972915    
 -0.739097953      -3.56905389    
 -0.641327918      -3.36204481    
 -0.547931254      -3.13959241    
 -0.459723622      -2.90266967    
 -0.377469391      -2.65232849    
 -0.301876932      -2.38969350    
 -0.233593479      -2.11595559    
 -0.173200831      -1.83236670    
 -0.121211499      -1.54023218    
  -7.80650899E-02  -1.24090374    
  -4.41254377E-02 -0.935772777    
  -1.96780749E-02 -0.626262009    
  -4.92834300E-03 -0.313818157    
  -4.61596400E-10   9.60829202E-05
  -4.93437145E-03  0.314009815    
  -1.96900815E-02  0.626452446    
  -4.41433229E-02  0.935960948    
  -7.80887082E-02   1.24108887    
 -0.121240646       1.54041314    
 -0.173235267       1.83254290    
 -0.233632877       2.11612606    
 -0.301921010       2.38985753    
 -0.377517730       2.65248537    
 -0.459775805       2.90281868    
 -0.547986865       3.13973284    
 -0.641386390       3.36217594    
 -0.739158869       3.56917548    
 -0.840443313       3.75984049    
 -0.944339097       3.93337035    
  -1.04991221       4.08905458    
  -1.15620184       4.22628069    
  -1.26222658       4.34453249    
  -1.36699140       4.44339752    
  -1.46949482       4.52256393    
  -1.56873536       4.58182716    
  -1.66371906       4.62108564    
  -1.75346518       4.64034128    
  -1.83701611       4.63970566    
  -1.91344011       4.61938810    
  -1.98184144       4.57970285    
  -2.04136467       4.52106142    
  -2.09120202       4.44397306    
  -2.13059926       4.34903908    
  -2.15886045       4.23694992    
  -2.17535400       4.10847902    
  -2.17951798       3.96448183    
  -2.17086387       3.80588508    
  -2.14898014       3.63368559    
  -2.11353755       3.44894075    
  -2.06429029       3.25276470    
  -2.00107956       3.04631901    
  -1.92383564       2.83080769    
  -1.83257926       2.60746861    
  -1.72742140       2.37756610    
  -1.60856581       2.14238572    
  -1.47630632       1.90322268    
  -1.33102787       1.66137695    
  -1.17320406       1.41814542    
  -1.00339556       1.17481315    
 -0.822247267      0.932646871    
 -0.630485892      0.692887843    
 -0.428915411      0.456743836    
 -0.218413711      0.225383148    
   7.24650235E-05  -7.24642814E-05
  0.225532293     -0.218553752    
  0.456896484     -0.429049969    
  0.693043232     -0.630614281    
  0.932804286     -0.822369039    
   1.17497158      -1.00351000    
   1.41830420      -1.17331100    
   1.66153538      -1.33112669    
   1.90337992      -1.47639692    
   2.14254045      -1.60864758    
   2.37771821      -1.72749448    
   2.60761642      -1.83264327    
   2.83095050      -1.92389059    
   3.04645681      -2.00112534    
   3.25289607      -2.06432676    
   3.44906545      -2.11356521    
   3.63380241      -2.14899898    
   3.80599356      -2.17087388    
   3.96458054      -2.17951965    
   4.10856819      -2.17534733    
   4.23702812      -2.15884566    
   4.34910679      -2.13057709    
   4.44402933      -2.09117293    
   4.52110577      -2.04132867    
   4.57973480      -1.98179936    
   4.61940765      -1.91339266    
   4.63971281      -1.83696377    
   4.64033604      -1.75340867    
   4.62106609      -1.66365850    
   4.58179474      -1.56867182    
   4.52251863      -1.46942890    
   4.44333935      -1.36692369    
   4.34446192      -1.26215756    
   4.22619724      -1.15613258    
   4.08895922      -1.04984307    
   3.93326283     -0.944270611    
   3.75972199     -0.840376258    
   3.56904554     -0.739093840    
   3.36203599     -0.641323924    
   3.13958263     -0.547927499    
   2.90265965     -0.459720135    
   2.65231800     -0.377466202    
   2.38968253     -0.301874012    
   2.11594415     -0.233590841    
   1.83235490     -0.173198551    
   1.54022014     -0.121209554    
   1.24089146      -7.80635178E-02
  0.935760260      -4.41242456E-02
  0.626249373      -1.96772739E-02
  0.313805372      -4.92794206E-03
  -1.08878085E-04  -5.92721872E-10
 -0.314022601      -4.93477331E-03
 -0.626465082      -1.96908787E-02
 -0.935973465      -4.41445112E-02
  -1.24110115      -7.80902803E-02
  -1.54042518     -0.121242575    
  -1.83255446     -0.173237547    
  -2.11613750     -0.233635515    
  -2.38986850     -0.301923960    
  -2.65249586     -0.377520949    
  -2.90282869     -0.459779263    
  -3.13974214     -0.547990561    
  -3.36218500     -0.641390324    
  -3.56918359     -0.739162982    
  -3.75984812     -0.840447485    
  -3.93337655     -0.944343269    
  -4.08906078      -1.04991651    
  -4.22628593      -1.15620625    
  -4.34453726      -1.26223087    
  -4.44340086      -1.36699569    
  -4.52256298      -1.46949279    
  -4.58182335      -1.56872761    
  -4.62108088      -1.66370571    
  -4.64033985      -1.75344765    
  -4.63970852      -1.83699489    
  -4.61939764      -1.91341662    
  -4.57972145      -1.98181653    
  -4.52109194      -2.04134035    
  -4.44401693      -2.09117937    
  -4.34909725      -2.13057971    
  -4.23702478      -2.15884614    
  -4.10857248      -2.17534661    
  -3.96459508      -2.17951965    
  -3.80601931      -2.17087626    
  -3.63384104      -2.14900517    
  -3.44911814      -2.11357689    
  -3.25296474      -2.06434608    
  -3.04654121      -2.00115347    
  -2.83105206      -1.92392957    
  -2.60773468      -1.83269453    
  -2.37785339      -1.72755969    
  -2.14269304      -1.60872841    
  -1.90354896      -1.47649443    
  -1.66172087      -1.33124256    
  -1.41850507      -1.17344618    
  -1.17518675      -1.00366557    
 -0.933032393     -0.822545588    
 -0.693282962     -0.630812407    
 -0.457146257     -0.429270059    
 -0.225790218     -0.218795940    
  -3.36592580E-04  -3.36576544E-04
  0.218145430      0.225097477    
  0.428645223      0.456437320    
  0.630216002      0.692561328    
  0.821980059      0.932301521    
   1.00313342       1.17445040    
   1.17294943       1.41776729    
   1.33078313       1.66098523    
   1.47607374       1.90281951    
   1.60834765       2.14197373    
   1.72722018       2.37714839    
   1.83239663       2.60704708    
   1.92367399       2.83038616    
   2.00094056       3.04590106    
   2.06417561       3.25235391    
   2.11344862       3.44854069    
   2.14891815       3.63329935    
   2.17083001       3.80551744    
   2.17951298       3.96413565    
   2.17537856       4.10816002    
   2.15891409       4.23666000    
   2.13068271       4.34878349    
   2.09131503       4.44375610    
   2.04150629       4.52088594    
   1.98201096       4.57957220    
   1.91363645       4.61930704    
   1.83723772       4.63967657    
   1.75371075       4.64036798    
   1.66398609       4.62116957    
   1.56902230       4.58197260    
   1.46979904       4.52277279    
   1.36731029       4.44367075    
   1.26255727       4.34487295    
   1.15654123       4.22668839    
   1.05025744       4.08953190    
  0.944686711       3.93391609    
  0.840790033       3.76045561    
  0.739501297       3.56985879    
  0.641721129       3.36292744    
  0.548310339       3.14055037    
  0.460084587       2.90370059    
  0.377808511       2.65342975    
  0.302190423       2.39086103    
  0.233877763       2.11718559    
  0.173452556       1.83365476    
  0.121427506       1.54157352    
   7.82424882E-02   1.24229300    
   4.42616008E-02  0.937204123    
   1.97707135E-02  0.627729297    
   4.97550750E-03  0.315314889    
   1.01286183E-07   1.42327917E-03
   4.88621043E-03 -0.312474966    
   1.95928700E-02 -0.624909401    
   4.39967029E-02 -0.934417427    
   7.78927580E-02  -1.23955238    
  0.120995894      -1.53889179    
  0.172942698      -1.83104455    
  0.233293980      -2.11465883    
  0.301537663      -2.38842893    
  0.377092391      -2.65110373    
  0.459311277      -2.90149164    
  0.547486424      -3.13846755    
  0.640853822      -3.36098027    
  0.738598228      -3.56805611    
  0.839859128      -3.75880432    
  0.943736196      -3.93242288    
   1.04929602      -4.08820295    
   1.15557802      -4.22553015    
   1.26160061      -4.34388781    
   1.36636972      -4.44286346    
   1.46888351      -4.52214527    
   1.56814075      -4.58152580    
   1.66314757      -4.62090397    
   1.75292432      -4.64028406    
   1.83651161      -4.63977146    
   1.91297889      -4.61957836    
   1.98142993      -4.58001804    
   2.04100943      -4.52150059    
   2.09090948      -4.44453573    
   2.13037515      -4.34972239    
   2.15871024      -4.23775053    
   2.17528367      -4.10939455    
   2.17953253      -3.96550822    
   2.17096782      -3.80701756    
   2.14917731      -3.63491797    
   2.11383176      -3.45026779    
   2.06468463      -3.25417924    
   2.00157642      -3.04781461    
   1.92443717      -2.83237624    
   1.83328629      -2.60910225    
   1.72823513      -2.37925696    
   1.60948551      -2.14412451    
   1.47733140      -1.90500069    
   1.33215666      -1.66318464    
   1.17443430      -1.41997349    
   1.00472414      -1.17665195    
  0.823670447     -0.934486806    
  0.631999016     -0.694719255    
  0.430513233     -0.458557218    
  0.220090181     -0.227168888    
   1.67603733E-03  -1.67643465E-03
 -0.223719105      0.216850743    
 -0.455026627      0.427401543    
 -0.691125274      0.629028916    
 -0.930847287      0.820854664    
  -1.17298532       1.00207412    
  -1.41629875       1.17196059    
  -1.65952134       1.32986832    
  -1.90136778       1.47523618    
  -2.14054203       1.60758972    
  -2.37574410       1.72654390    
  -2.60567904       1.83180392    
  -2.82906175       1.92316568    
  -3.04462743       2.00051665    
  -3.25113821       2.06383634    
  -3.44739056       2.11319304    
  -3.63222170       2.14874530    
  -3.80451846       2.17073798    
  -3.96322250       2.17949963    
  -4.10733700       2.17544103    
  -4.23593330       2.15904927    
  -4.34815788       2.13088703    
  -4.44323540       2.09158421    
  -4.52047539       2.04183650    
  -4.57927465       1.98239720    
  -4.61912441       1.91407371    
  -4.63961220       1.83772075    
  -4.64042330       1.75423408    
  -4.62134504       1.66454399    
  -4.58226919       1.56960881    
  -4.52318954       1.47040820    
  -4.44420719       1.36793613    
  -4.34552717       1.26319373    
  -4.22745848       1.15718234    
  -4.09041452       1.05089712    
  -3.93490887      0.945319295    
  -3.76155376      0.841409683    
  -3.57105803      0.740102530    
  -3.36422253      0.642298579    
  -3.14193583      0.548858941    
  -2.90517068      0.460599661    
  -2.65497684      0.378285438    
  -2.39247894      0.302625149    
  -2.11886692      0.234266669    
  -1.83539164      0.173792273    
  -1.54335809      0.121715181    
  -1.24411678       7.84756690E-02
 -0.939058721       4.44383398E-02
 -0.629606068       1.98895223E-02
 -0.317204922       5.03538782E-03
  -3.31783225E-03   5.50400614E-07
  0.310584813       4.82722605E-03
  0.623032510       1.94749460E-02
  0.932562470       4.38208282E-02
   1.23772824       7.76604116E-02
   1.53710675      0.120709032    
   1.82930684      0.172603756    
   2.11297655      0.232905805    
   2.38680983      0.301103562    
   2.64955521      0.376616061    
   2.90002060      0.458796799    
   3.13708067      0.546938360    
   3.35968351      0.640276730    
   3.56685495      0.737997234    
   3.75770450      0.839239657    
   3.93142915      0.943103850    
   4.08731890       1.04865634    
   4.22475863       1.15493679    
   4.34323215       1.26096404    
   4.44232512       1.36574352    
   4.52172661       1.46827400    
   4.58122778       1.56755400    
   4.62072706       1.66258943    
   4.64022636       1.75240028    
   4.63983393       1.83602774    
   4.61975908       1.91254079    
   4.58031416       1.98104310    
   4.52190971       2.04067826    
   4.44505405       2.09063911    
   4.35034609       2.13016963    
   4.23847628       2.15857410    
   4.11021662       2.17522025    
   3.96642041       2.17954469    
   3.80801487       2.17105842    
   3.63599443       2.14934921    
   3.45141673       2.11408591    
   3.25539398       2.06502271    
   3.04908729       2.00199914    
   2.83370018       1.92494452    
   2.61046982       1.83387804    
   2.38066053       1.72890997    
   2.14555597       1.61024225    
   1.90645194       1.47816777    
   1.66464865       1.33307028    
   1.42144179       1.17542195    
   1.17811716       1.00578237    
  0.935941398      0.824795008    
  0.696155667      0.633185208    
  0.459968239      0.431756020    
  0.228547826      0.221384168    
   3.01653030E-03   3.01524391E-03
 -0.215555742     -0.222340956    
 -0.426157594     -0.453616142    
 -0.627841473     -0.689689279    
 -0.819728792     -0.929393113    
  -1.00101447      -1.17152023    
  -1.17097139      -1.41483033    
  -1.32895315      -1.65805733    
  -1.47439790      -1.89991581    
  -1.60683143      -2.13911033    
  -1.72586751      -2.37434053    
  -1.83121061      -2.60431075    
  -1.92265642      -2.82773638    
  -2.00009227      -3.04335332    
  -2.06349611      -3.24992228    
  -2.11293697      -3.44624019    
  -2.14857197      -3.63114357    
  -2.17064524      -3.80351901    
  -2.17948556      -3.96230769    
  -2.17550254      -4.10651302    
  -2.15918398      -4.23520565    
  -2.13109088      -4.34753180    
  -2.09185338      -4.44271517    
  -2.04216623      -4.52006388    
  -1.98278308      -4.57897615    
  -1.91451073      -4.61894226    
  -1.83820355      -4.63954735    
  -1.75475729      -4.64047813    
  -1.66510153      -4.62152004    
  -1.57019520      -4.58256483    
  -1.47101736      -4.52360535    
  -1.36856186      -4.44474220    
  -1.26383007      -4.34618044    
  -1.15782368      -4.22822809    
  -1.05153704      -4.09129667    
 -0.945951998      -3.93590093    
 -0.842029512      -3.76265144    
 -0.740703940      -3.57225680    
 -0.642876208      -3.36551714    
 -0.549407780      -3.14332104    
 -0.461114854      -2.90663958    
 -0.378762573      -2.65652347    
 -0.303060204      -2.39409637    
 -0.234655812      -2.12054777    
 -0.174132302      -1.83712828    
 -0.122003153      -1.54514217    
  -7.87091851E-02  -1.24594033    
  -4.46154252E-02 -0.940913141    
  -2.00086851E-02 -0.631482661    
  -5.09562530E-03 -0.319094956    
  -1.35844823E-06  -5.21238474E-03
  -4.76859882E-03  0.308694601    
  -1.93573739E-02  0.621155441    
  -4.36453000E-02  0.930707395    
  -7.74284005E-02   1.23590374    
 -0.120422497       1.53532135    
 -0.172265112       1.82756889    
 -0.232517913       2.11129379    
 -0.300669730       2.38519049    
 -0.376139939       2.64800596    
 -0.458282530       2.89854884    
 -0.546390414       3.13569355    
 -0.639699817       3.35838628    
 -0.737396538       3.56565380    
 -0.838620305       3.75660419    
 -0.942471445       3.93043447    
  -1.04801667       4.08643341    
  -1.15429544       4.22398567    
  -1.26032734       4.34257555    
  -1.36511731       4.44178629    
  -1.46766448       4.52130699    
  -1.56696689       4.58092833    
  -1.66203094       4.62054873    
  -1.75187635       4.64016914    
  -1.83554399       4.63989544    
  -1.91210246       4.61993837    
  -1.98065543       4.58060932    
  -2.04034686       4.52231789    
  -2.09036827       4.44557142    
  -2.12996387       4.35096979    
  -2.15843749       4.23920059    
  -2.17515612       4.11103773    
  -2.17955685       3.96733260    
  -2.17114878       3.80901194    
  -2.14952040       3.63707089    
  -2.11433983       3.45256567    
  -2.06536031       3.25660801    
  -2.00242138       3.05035996    
  -1.92545128       2.83502388    
  -1.83446896       2.61183715    
  -1.72958434       2.38206363    
  -1.61099851       2.14698720    
  -1.47900379       1.90790355    
  -1.33398366       1.66611242    
  -1.17640948       1.42291021    
  -1.00684011       1.17958248    
 -0.825919032      0.937395990    
 -0.634371102      0.697592199    
 -0.432998598      0.461379588    
 -0.222677857      0.229926929    
  -4.35419660E-03   4.35687928E-03
  0.220963001     -0.214260444    
  0.452205807     -0.424913287    
  0.688253462     -0.626653671    
  0.927938938     -0.818602502    
   1.17005515     -0.999954462    
   1.41336191      -1.16998148    
   1.65659320      -1.32803738    
   1.89846408      -1.47355938    
   2.13767838      -1.60607255    
   2.37293625      -1.72519028    
   2.60294199      -1.83061671    
   2.82641125      -1.92214692    
   3.04207873      -1.99966729    
   3.24870610      -2.06315589    
   3.44508910      -2.11268044    
   3.63006473      -2.14839792    
   3.80251908      -2.17055202    
   3.96139312      -2.17947125    
   4.10568857      -2.17556405    
   4.23447800      -2.15931845    
   4.34690523      -2.13129449    
   4.44219351      -2.09212208    
   4.51965237      -2.04249597    
   4.57867765      -1.98316884    
   4.61875868      -1.91494751    
   4.63948202      -1.83868611    
   4.64053202      -1.75528002    
   4.62169409      -1.66565883    
   4.58285999      -1.57078123    
   4.52402067      -1.47162616    
   4.44527769      -1.36918771    
   4.34683323      -1.26446664    
   4.22899675      -1.15846467    
   4.09217930      -1.05217695    
   3.93689227     -0.946584761    
   3.76374817     -0.842649341    
   3.57345510     -0.741305411    
   3.36681128     -0.643453956    
   3.14470530     -0.549956739    
   2.90810847     -0.461630225    
   2.65807033     -0.379240036    
   2.39571357     -0.303495526    
   2.12222862     -0.235045314    
   1.83886468     -0.174472645    
   1.54692602     -0.122291461    
   1.24776387      -7.89430588E-02
  0.942767382      -4.47928570E-02
  0.633359134      -2.01281980E-02
  0.320984900      -5.15621947E-03
   7.10693654E-03  -2.52542850E-06
 -0.306804329      -4.71032877E-03
 -0.619278252      -1.92401558E-02
 -0.928852081      -4.34701145E-02
  -1.23407888      -7.71967173E-02
  -1.53353572     -0.120136268    
  -1.82583046     -0.171926752    
  -2.10961080     -0.232130304    
  -2.38357067     -0.300236195    
  -2.64645696     -0.375664204    
  -2.89707708     -0.457768589    
  -3.13430548     -0.545842588    
  -3.35708880     -0.639123142    
  -3.56445169     -0.736795843    
  -3.75550270     -0.838001013    
  -3.92943859     -0.941839039    
  -4.08554745      -1.04737699    
  -4.22321272      -1.15365434    
  -4.34191799      -1.25969052    
  -4.44124699      -1.36449122    
  -4.52088690      -1.46705472    
  -4.58062887      -1.56637967    
  -4.62036943      -1.66147220    
  -4.64011002      -1.75135195    
  -4.63995647      -1.83505964    
  -4.62011719      -1.91166389    
  -4.58090401      -1.98026800    
  -4.52272511      -2.04001498    
  -4.44608879      -2.09009719    
  -4.35159254      -2.12975788    
  -4.23992443      -2.15830016    
  -4.11185789      -2.17509198    
  -3.96824408      -2.17956829    
  -3.81000853      -2.17123890    
  -3.63814640      -2.14969110    
  -3.45371389      -2.11459327    
  -3.25782204      -2.06569743    
  -3.05163264      -2.00284290    
  -2.83634734      -1.92595744    
  -2.61320400      -1.83505952    
  -2.38346648      -1.73025811    
  -2.14841843      -1.61175418    
  -1.90935493      -1.47983944    
  -1.66757607      -1.33489633    
  -1.42437863      -1.17739630    
  -1.18104768      -1.00789738    
 -0.938850582     -0.827042758    
 -0.699028909     -0.635556519    
 -0.462791026     -0.434240788    
 -0.231306270     -0.223971248    
  -5.69748180E-03  -5.69289457E-03
  0.212964892      0.219585270    
  0.423668653      0.450795621    
  0.625465453      0.686817765    
  0.817475915      0.926484883    
  0.998893976       1.16859019    
   1.16899133       1.41189349    
   1.32712114       1.65512896    
   1.47272027       1.89701188    
   1.60531306       2.13624620    
   1.72451270       2.37153172    
   1.83002234       2.60157323    
   1.92163670       2.82508540    
   1.99924171       3.04080391    
   2.06281495       3.24748945    
   2.11242342       3.44393778    
   2.14822340       3.62898564    
   2.17045879       3.80151892    
   2.17945623       3.96047711    
   2.17562532       4.10486412    
   2.15945220       4.23374987    
   2.13149762       4.34627771    
   2.09239054       4.44167185    
   2.04282498       4.51923943    
   1.98355401       4.57837772    
   1.91538393       4.61857462    
   1.83916831       4.63941574    
   1.75580263       4.64058495    
   1.66621625       4.62186813    
   1.57136714       4.58315325    
   1.47223520       4.52443600    
   1.36981332       4.44581175    
   1.26510298       4.34748554    
   1.15910590       4.22976494    
   1.05281687       4.09306002    
  0.947217584       3.93788314    
  0.843269408       3.76484466    
  0.741907060       3.57465267    
  0.644031942       3.36810517    
  0.550505877       3.14608908    
  0.462145835       2.90957665    
  0.379717678       2.65961647    
  0.303931087       2.39733076    
  0.235435069       2.12390876    
  0.174813271       1.84060061    
  0.122580111       1.54870987    
   7.91772306E-02   1.24958682    
   4.49706316E-02  0.944621503    
   2.02480648E-02  0.635235488    
   5.21717127E-03  0.322874784    
   4.05134142E-06   9.00148693E-03
   4.65241540E-03 -0.304913968    
   1.91232897E-02 -0.617400944    
   4.32952717E-02 -0.926996589    
   7.69653767E-02  -1.23225403    
  0.119850375      -1.53174973    
  0.171588719      -1.82409203    
  0.231742993      -2.10792756    
  0.299802870      -2.38195038    
  0.375188589      -2.64490700    
  0.457254767      -2.89560461    
  0.545295000      -3.13291669    
  0.638546467      -3.35579014    
  0.736195326      -3.56324911    
  0.837381840      -3.75440121    
  0.941206872      -3.92844272    
   1.04673719      -4.08466053    
   1.15301299      -4.22243881    
   1.25905371      -4.34125996    
   1.36386478      -4.44070673    
   1.46644473      -4.52046585    
   1.56579244      -4.58032894    
   1.66091335      -4.62018967    
   1.75082743      -4.64005089    
   1.83457518      -4.64001656    
   1.91122496      -4.62029505    
   1.97987974      -4.58119726    
   2.03968287      -4.52313185    
   2.08982563      -4.44660521    
   2.12955117      -4.35221434    
   2.15816283      -4.24064827    
   2.17502689      -4.11267805    
   2.17957902      -3.96915483    
   2.17132854      -3.81100512    
   2.14986134      -3.63922167    
   2.11484623      -3.45486164    
   2.06603384      -3.25903535    
   2.00326395      -3.05290437    
   1.92646325      -2.83767080    
   1.83564961      -2.61457109    
   1.73093152      -2.38486910    
   1.61250925      -2.14984918    
   1.48067451      -1.91080606    
   1.33580852      -1.66903973    
   1.17838275      -1.42584693    
   1.00895429      -1.18251300    
  0.828166246     -0.940305531    
  0.636741698     -0.700465679    
  0.435482681     -0.464202702    
  0.225264341     -0.232685819    
   7.03133782E-03  -7.03833718E-03
 -0.218207747      0.211668983    
 -0.449385673      0.422423691    
 -0.685382247      0.624276936    
 -0.925031006      0.816348851    
  -1.16712523      0.997833133    
  -1.41042507       1.16800082    
  -1.65366483       1.32620454    
  -1.89555979       1.47188079    
  -2.13481402       1.60455346    
  -2.37012744       1.72383475    
  -2.60020399       1.82942748    
  -2.82375979       1.92112613    
  -3.03952861       1.99881589    
  -3.24627233       2.06247330    
  -3.44278574       2.11216569    
  -3.62790608       2.14804840    
  -3.80051827       2.17036486    
  -3.95956135       2.17944098    
  -4.10403919       2.17568612    
  -4.23302078       2.15958571    
  -4.34564924       2.13170004    
  -4.44114971       2.09265852    
  -4.51882696       2.04315376    
  -4.57807732       1.98393905    
  -4.61839056       1.91582012    
  -4.63934851       1.83965039    
  -4.64063692       1.75632489    
  -4.62204075       1.66677332    
  -4.58344698       1.57195306    
  -4.52484941       1.47284389    
  -4.44634581       1.37043893    
  -4.34813690       1.26573944    
  -4.23053217       1.15974700    
  -4.09394026       1.05345690    
  -3.93887305      0.947850406    
  -3.76594067      0.843889415    
  -3.57584929      0.742508709    
  -3.36939764      0.644609928    
  -3.14747262      0.551055253    
  -2.91104436      0.462661743    
  -2.66116214      0.380195588    
  -2.39894724      0.304366916    
  -2.12558866      0.235825121    
  -1.84233618      0.175154209    
  -1.55049324      0.122869052    
  -1.25140977       7.94117600E-02
 -0.946475327       4.51487526E-02
 -0.637111723       2.03682836E-02
 -0.324764580       5.27847977E-03
  -1.08960364E-02   5.93618597E-06
  0.303023547       4.59485967E-03
  0.615523577       1.90067757E-02
  0.925141037       4.31207828E-02
   1.23042893       7.67343715E-02
   1.52996361      0.119564809    
   1.82235301      0.171250984    
   2.10624385      0.231355965    
   2.38032985      0.299369842    
   2.64335656      0.374713182    
   2.89413190      0.456741214    
   3.13152814      0.544747651    
   3.35449147      0.637970090    
   3.56204581      0.735594928    
   3.75329900      0.836762786    
   3.92744541      0.940574527    
   4.08377314       1.04609752    
   4.22166395       1.15237176    
   4.34060049       1.25841689    
   4.44016600       1.36323845    
   4.52004433       1.46583486    
   4.58002710       1.56520486    
   4.62000942       1.66035426    
   4.63999081       1.75030255    
   4.64007616       1.83409047    
   4.62047291       1.91078591    
   4.58149052       1.97949135    
   4.52353811       2.03935051    
   4.44712067       2.08955359    
   4.35283566       2.12934422    
   4.24137115       2.15802503    
   4.11349678       2.17496133    
   3.97006536       2.17958951    
   3.81200075       2.17141724    
   3.64029646       2.15003133    
   3.45600867       2.11509824    
   3.26024866       2.06637001    
   3.05417585       2.00368452    
   2.83899331       1.92696834    
   2.61593747       1.83623898    
   2.38627172       1.73160446    
   2.15127993       1.61326420    
   1.91225708       1.48150909    
   1.67050350       1.33672059    
   1.42731547       1.17936873    
   1.18397868       1.01001108    
  0.941760242      0.829289019    
  0.701902628      0.637926459    
  0.465614498      0.436724216    
  0.234065622      0.226557165    
   8.37944448E-03   8.36952589E-03
 -0.210372850     -0.216830462    
 -0.421178371     -0.447975814    
 -0.623088062     -0.683946848    
 -0.815221488     -0.923577130    
 -0.996771753      -1.16566014    
  -1.16700983      -1.40895665    
  -1.32528746      -1.65220058    
  -1.47104084      -1.89410770    
  -1.60379303      -2.13338161    
  -1.72315598      -2.36872244    
  -1.82883215      -2.59883475    
  -1.92061496      -2.82243347    
  -1.99838948      -3.03825331    
  -2.06213140      -3.24505520    
  -2.11190772      -3.44163394    
  -2.14787292      -3.62682629    
  -2.17027020      -3.79951692    
  -2.17942500      -3.95864487    
  -2.17574620      -4.10321331    
  -2.15971875      -4.23229074    
  -2.13190246      -4.34502125    
  -2.09292579      -4.44062614    
  -2.04348230      -4.51841307    
  -1.98432374      -4.57777643    
  -1.91625571      -4.61820459    
  -1.84013212      -4.63928080    
  -1.75684690      -4.64068890    
  -1.66733003      -4.62221241    
  -1.57253861      -4.58373976    
  -1.47345245      -4.52526283    
  -1.37106419      -4.44687796    
  -1.26637566      -4.34878778    
  -1.16038811      -4.23129845    
  -1.05409658      -4.09481955    
 -0.948483348      -3.93986249    
 -0.844509602      -3.76703548    
 -0.743110657      -3.57704544    
 -0.645188153      -3.37069011    
 -0.551604807      -3.14885545    
 -0.463177800      -2.91251183    
 -0.380673707      -2.66270709    
 -0.304802984      -2.40056300    
 -0.236215442      -2.12726831    
 -0.175495476      -1.84407175    
 -0.123158336      -1.55227649    
  -7.96466172E-02  -1.25323248    
  -4.53272164E-02 -0.948329151    
  -2.04888564E-02 -0.638987899    
  -5.34014590E-03 -0.326654375    
  -8.17996352E-06  -1.27905849E-02
  -4.53766249E-03  0.301133126    
  -1.88906156E-02  0.613646090    
  -4.29466367E-02  0.923285306    
  -7.65037015E-02   1.22860348    
 -0.119279556       1.52817726    
 -0.170913562       1.82061362    
 -0.230969205       2.10455990    
 -0.298937052       2.37870860    
 -0.374238104       2.64180613    
 -0.456227809       2.89265823    
 -0.544200480       3.13013864    
 -0.637393832       3.35319209    
 -0.734994590       3.56084228    
 -0.836143792       3.75219631    
 -0.939942360       3.92644787    
  -1.04545784       4.08288479    
  -1.15173066       4.22088861    
  -1.25778008       4.33994102    
  -1.36261177       4.43962383    
  -1.46522462       4.51962185    
  -1.56461728       4.57972574    
  -1.65979517       4.61982822    
  -1.74977779       4.63993025    
  -1.83360553       4.64013481    
  -1.91034639       4.62064934    
  -1.97910261       4.58178329    
  -2.03901744       4.52394342    
  -2.08928108       4.44763517    
  -2.12913704       4.35345697    
  -2.15788651       4.24209309    
  -2.17489576       4.11431599    
  -2.17959952       3.97097516    
  -2.17150569       3.81299567    
  -2.15020037       3.64137101    
  -2.11535025       3.45715570    
  -2.06670594       3.26146150    
  -2.00410461       3.05544734    
  -1.92747331       2.84031630    
  -1.83682811       2.61730385    
  -1.73227680       2.38767433    
  -1.61401832       2.15271044    
  -1.48234308       1.91370833    
  -1.33763182       1.67196703    
  -1.18035424       1.42878377    
  -1.01106703       1.18544400    
 -0.830411732      0.943215311    
 -0.639110923      0.703339696    
 -0.437965393      0.467026472    
 -0.227849692      0.235445604    
  -9.70745925E-03   9.72080324E-03
  0.215453357     -0.209076405    
  0.446566224     -0.419932812    
  0.682511628     -0.621898890    
  0.922123253     -0.814093649    
   1.16419530     -0.995710075    
   1.40748823      -1.16601837    
   1.65073621      -1.32436979    
   1.89265537      -1.47020042    
   2.13194895      -1.60303199    
   2.36731768      -1.72247708    
   2.59746552      -1.82823646    
   2.82110715      -1.92010355    
   3.03697753      -1.99796247    
   3.24383712      -2.06178904    
   3.44048142      -2.11164904    
   3.62574577      -2.14769721    
   3.79851437      -2.17017508    
   3.95772815      -2.17940903    
   4.10238695      -2.17580605    
   4.23156071      -2.15985131    
   4.34439182      -2.13210440    
   4.44010210      -2.09319305    
   4.51799822      -2.04381037    
   4.57747459      -1.98470795    
   4.61801815      -1.91669142    
   4.63921261      -1.84061348    
   4.64073992      -1.75736904    
   4.62238359      -1.66788661    
   4.58403206      -1.57312441    
   4.52567530      -1.47406089    
   4.44741011      -1.37168980    
   4.34943819      -1.26701212    
   4.23206472      -1.16102922    
   4.09569836      -1.05473661    
   3.94085073     -0.949116290    
   3.76813006     -0.845129907    
   3.57824159     -0.743712723    
   3.37198210     -0.645766616    
   3.15023804     -0.552154541    
   2.91397858     -0.463694096    
   2.66425157     -0.381152034    
   2.40217853     -0.305239379    
   2.12894726     -0.236606061    
   1.84580672     -0.175837025    
   1.55405939     -0.123447932    
   1.25505495      -7.98818171E-02
  0.950182676      -4.55060229E-02
  0.640863895      -2.06097793E-02
  0.328544080      -5.40216966E-03
   1.46851279E-02  -1.07826709E-05
 -0.299242616      -4.48082248E-03
 -0.611768484      -1.87748093E-02
 -0.921429455      -4.27728370E-02
  -1.22677803      -7.62733668E-02
  -1.52639043     -0.118994616    
  -1.81887412     -0.170576438    
  -2.10287547     -0.230582744    
  -2.37708712     -0.298504561    
  -2.64025497     -0.373763263    
  -2.89118433     -0.455714673    
  -3.12874866     -0.543653488    
  -3.35189199     -0.636817753    
  -3.55963802     -0.734394550    
  -3.75109267     -0.835524917    
  -3.92544985     -0.939310312    
  -4.08199596      -1.04481828    
  -4.22011280      -1.15108931    
  -4.33928061      -1.25714314    
  -4.43908119      -1.36198533    
  -4.51919889      -1.46461439    
  -4.57942295      -1.56402946    
  -4.61964655      -1.65923572    
  -4.63986826      -1.74925244    
  -4.64019299      -1.83312023    
  -4.62082529      -1.90990663    
  -4.58207464      -1.97871363    
  -4.52434826      -2.03868461    
  -4.44815016      -2.08900857    
  -4.35407734      -2.12892938    
  -4.24281502      -2.15774775    
  -4.11513376      -2.17482948    
  -3.97188449      -2.17960906    
  -3.81399083      -2.17159390    
  -3.64244485      -2.15036941    
  -3.45830250      -2.11560178    
  -3.26267338      -2.06704068    
  -3.05671835      -2.00452423    
  -2.84163833      -1.92797732    
  -2.61866999      -1.83741677    
  -2.38907647      -1.73294878    
  -2.15414095      -1.61477220    
  -1.91515911      -1.48317671    
  -1.67343056      -1.33854270    
  -1.43025219      -1.18133938    
  -1.18690956      -1.01212287    
 -0.944670379     -0.831533909    
 -0.704776824     -0.640295029    
 -0.468438625     -0.439206302    
 -0.236825764     -0.229141906    
  -1.10624153E-02  -1.10451356E-02
  0.207779676      0.214076504    
  0.418686867      0.445156753    
  0.620709240      0.681076407    
  0.812965512      0.920669556    
  0.994648039       1.16273046    
   1.16502643       1.40601981    
   1.32345188       1.64927197    
   1.46935916       1.89120269    
   1.60227084       2.13051629    
   1.72179747       2.36591244    
   1.82764006       2.59609532    
   1.91959143       2.81978035    
   1.99753487       3.03570127    
   2.06144619       3.24261928    
   2.11138988       3.43932819    
   2.14752054       3.62466478    
   2.17007971       3.79751229    
   2.17939210       3.95681071    
   2.17586517       4.10156012    
   2.15998363       4.23082972    
   2.13230586       4.34376192    
   2.09345984       4.43957806    
   2.04413795       4.51758289    
   1.98509192       4.57717228    
   1.91712677       4.61783171    
   1.84109485       4.63914347    
   1.75789058       4.64079046    
   1.66844320       4.62255430    
   1.57370973       4.58432341    
   1.47466922       4.52608681    
   1.37231505       4.44794178    
   1.26764810       4.35008717    
   1.16167021       4.23282957    
   1.05537677       4.09657717    
  0.949749351       3.94183922    
  0.845750213       3.76922393    
  0.744314790       3.57943654    
  0.646345139       3.37327313    
  0.552704453       3.15161967    
  0.464210600       2.91544485    
  0.381630659       2.66579580    
  0.305676013       2.40379405    
  0.236996964       2.13062620    
  0.176178873       1.84754145    
  0.123737842       1.55584192    
   8.01173449E-02   1.25687730    
   4.56851795E-02  0.952036142    
   2.07310542E-02  0.642739773    
   5.46455104E-03  0.330433726    
   1.37443067E-05   1.65796708E-02
   4.42434009E-03 -0.297352105    
   1.86593588E-02 -0.609890878    
   4.25993800E-02 -0.919573367    
   7.60433748E-02  -1.22495234    
  0.118710019      -1.52460349    
  0.170239612      -1.81713426    
  0.230196610      -2.10119081    
  0.298072308      -2.37546515    
  0.373288661      -2.63870335    
  0.455201745      -2.88970995    
  0.543106675      -3.12735820    
  0.636241913      -3.35059166    
  0.733794510      -3.55843282    
  0.834906101      -3.74998832    
  0.938678205      -3.92445111    
   1.04417872      -4.08110666    
   1.15044808      -4.21933651    
   1.25650609      -4.33861971    
   1.36135852      -4.43853807    
   1.46400428      -4.51877546    
   1.56344163      -4.57911968    
   1.65867615      -4.61946392    
   1.74872720      -4.63980627    
   1.83263481      -4.64025021    
   1.90946662      -4.62100029    
   1.97832441      -4.58236599    
   2.03835082      -4.52475214    
   2.08873558      -4.44866419    
   2.12872100      -4.35469675    
   2.15760851      -4.24353552    
   2.17476296      -4.11595154    
   2.17961812      -3.97279310    
   2.17168140      -3.81498456    
   2.15053749      -3.64351821    
   2.11585212      -3.45944810    
   2.06737542      -3.26388574    
   2.00494313      -3.05798912    
   1.92848110      -2.84296036    
   1.83800459      -2.62003565    
   1.73361981      -2.39047813    
   1.61552536      -2.15557122    
   1.48400986      -1.91661000    
   1.33945334      -1.67489421    
   1.18232417      -1.43172050    
   1.01317811      -1.18837512    
  0.832655787     -0.946125567    
  0.641478717     -0.706214190    
  0.440446913     -0.469850957    
  0.230433866     -0.238206208    
   1.23825585E-02  -1.24042807E-02
 -0.212699875      0.206482664    
 -0.443747461      0.417440563    
 -0.679641426      0.619519234    
 -0.919216037      0.811836958    
  -1.16126573      0.993585467    
  -1.40455139       1.16403425    
  -1.64780760       1.32253337    
  -1.88975024       1.46851778    
  -2.12908340       1.60150909    
  -2.36450696       1.72111726    
  -2.59472537       1.82704318    
  -2.81845355       1.91907883    
  -3.03442478       1.99710691    
  -3.24140072       2.06110263    
  -3.43817496       2.11113024    
  -3.62358308       2.14734364    
  -3.79650927       2.16998363    
  -3.95589256       2.17937493    
  -4.10073280       2.17592406    
  -4.23009825       2.16011524    
  -4.34313154       2.13250685    
  -4.43905306       2.09372640    
  -4.51716757       2.04446530    
  -4.57686901       1.98547566    
  -4.61764383       1.91756153    
  -4.63907337       1.84157586    
  -4.64083910       1.75841212    
  -4.62272406       1.66899931    
  -4.58461380       1.57429504    
  -4.52649784       1.47527754    
  -4.44847202       1.37294030    
  -4.35073614       1.26828444    
  -4.23359442       1.16231143    
  -4.09745502       1.05601680    
  -3.94282627      0.950382411    
  -3.77031708      0.846370697    
  -3.58063102      0.744917035    
  -3.37456393      0.646923900    
  -3.15300107      0.553254545    
  -2.91691041      0.464727283    
  -2.66734004      0.382109582    
  -2.40540862      0.306112885    
  -2.13230467      0.237388179    
  -1.84927583      0.176521048    
  -1.55762446      0.124028094    
  -1.25869930       8.03532079E-02
 -0.953889310       4.58646789E-02
 -0.644615710       2.08526868E-02
 -0.332323372       5.52728958E-03
