   0.00000000       0.00000000    
   1.57053806E-02   2.46719836E-04
   3.13952602E-02   9.86635918E-04
   4.70541604E-02   2.21901829E-03
   6.26666173E-02   3.94264935E-03
   7.82172307E-02   6.15583034E-03
   9.36906561E-02   8.85637477E-03
  0.109071627       1.20416190E-02
  0.124344945       1.57084204E-02
  0.139495566       1.98531579E-02
  0.154508531       2.44717505E-02
  0.169368982       2.95596235E-02
  0.184062302       3.51117663E-02
  0.198573977       4.11227047E-02
  0.212889686       4.75864932E-02
  0.226995304       5.44967651E-02
  0.240876883       6.18466847E-02
  0.254520744       6.96290135E-02
  0.267913431       7.78360665E-02
  0.281041741       8.64597484E-02
  0.293892682       9.54915434E-02
  0.306453586      0.104922533    
  0.318712056      0.114743426    
  0.330655992      0.124944516    
  0.342273623      0.135515749    
  0.353553444      0.146446675    
  0.364484400      0.157726526    
  0.375055611      0.169344157    
  0.385256708      0.181288093    
  0.395077586      0.193546578    
  0.404508561      0.206107467    
  0.413540363      0.218958423    
  0.422164023      0.232086718    
  0.430371106      0.245479435    
  0.438153416      0.259123296    
  0.445503354      0.273004919    
  0.452413559      0.287110478    
  0.458877385      0.301426232    
  0.464888334      0.315937907    
  0.470440477      0.330631226    
  0.475528330      0.345491707    
  0.480146915      0.360504687    
  0.484291643      0.375655264    
  0.487958431      0.390928596    
  0.491143674      0.406309575    
  0.493844211      0.421782970    
  0.496057391      0.437333614    
  0.497781008      0.452946067    
  0.499013394      0.468605012    
  0.499753267      0.484294832    
  0.499999970      0.500000238    
  0.499753267      0.515705645    
  0.499013335      0.531395495    
  0.497780979      0.547054470    
  0.496057302      0.562666953    
  0.493844092      0.578217506    
  0.491143554      0.593690932    
  0.487958312      0.609071970    
  0.484291524      0.624345303    
  0.480146766      0.639495790    
  0.475528181      0.654508829    
  0.470440298      0.669369280    
  0.464888155      0.684062600    
  0.458877206      0.698574305    
  0.452413440      0.712889969    
  0.445503145      0.726995528    
  0.438153148      0.740877032    
  0.430370837      0.754520953    
  0.422163814      0.767913640    
  0.413540095      0.781041920    
  0.404508293      0.793892860    
  0.395077288      0.806453764    
  0.385256410      0.818712234    
  0.375055313      0.830656171    
  0.364484072      0.842273831    
  0.353553146      0.853553653    
  0.342273295      0.864484549    
  0.330655664      0.875055790    
  0.318711728      0.885256886    
  0.306453228      0.895077825    
  0.293892324      0.904508770    
  0.281041354      0.913540542    
  0.267913043      0.922164142    
  0.254520357      0.930371225    
  0.240876481      0.938153565    
  0.226994872      0.945503473    
  0.212889254      0.952413738    
  0.198573545      0.958877504    
  0.184061870      0.964888453    
  0.169368535      0.970440507    
  0.154508069      0.975528419    
  0.139495105      0.980147004    
  0.124344498      0.984291732    
  0.109071158      0.987958550    
   9.36901867E-02  0.991143703    
   7.82167464E-02  0.993844211    
   6.26661330E-02  0.996057451    
   4.70536575E-02  0.997781098    
   3.13947536E-02  0.999013424    
   1.57048665E-02  0.999753237    
  -5.20548554E-07   1.00000000    
  -1.57059077E-02  0.999753237    
  -3.13957930E-02  0.999013305    
  -4.70546931E-02  0.997780979    
  -6.26671538E-02  0.996057212    
  -7.82177821E-02  0.993844092    
  -9.36912075E-02  0.991143465    
 -0.109072171      0.987958312    
 -0.124345496      0.984291375    
 -0.139496103      0.980146646    
 -0.154509053      0.975528061    
 -0.169369519      0.970440149    
 -0.184062839      0.964888096    
 -0.198574513      0.958877146    
 -0.212890193      0.952413261    
 -0.226995796      0.945502996    
 -0.240877375      0.938153028    
 -0.254521251      0.930370629    
 -0.267913967      0.922163665    
 -0.281042248      0.913539946    
 -0.293893129      0.904508114    
 -0.306454062      0.895077109    
 -0.318712503      0.885256171    
 -0.330656469      0.875055134    
 -0.342274040      0.864483893    
 -0.353553861      0.853552878    
 -0.364484787      0.842273057    
 -0.375055999      0.830655456    
 -0.385257006      0.818711579    
 -0.395077854      0.806453049    
 -0.404508829      0.793892086    
 -0.413540632      0.781041205    
 -0.422164321      0.767912924    
 -0.430371314      0.754520118    
 -0.438153654      0.740876317    
 -0.445503533      0.726994693    
 -0.452413797      0.712889016    
 -0.458877563      0.698573411    
 -0.464888453      0.684061646    
 -0.470440596      0.669368327    
 -0.475528449      0.654507816    
 -0.480147064      0.639494956    
 -0.484291732      0.624344230    
 -0.487958521      0.609070897    
 -0.491143763      0.593689978    
 -0.493844301      0.578216612    
 -0.496057451      0.562665939    
 -0.497781068      0.547053456    
 -0.499013394      0.531394541    
 -0.499753326      0.515704691    
 -0.500000000      0.499999315    
 -0.499753296      0.484293938    
 -0.499013364      0.468604028    
 -0.497780919      0.452945083    
 -0.496057272      0.437332660    
 -0.493844062      0.421782047    
 -0.491143465      0.406308591    
 -0.487958223      0.390927613    
 -0.484291375      0.375654310    
 -0.480146617      0.360503674    
 -0.475528002      0.345490724    
 -0.470440090      0.330630273    
 -0.464887947      0.315936983    
 -0.458876997      0.301425308    
 -0.452413142      0.287109584    
 -0.445502907      0.273004055    
 -0.438152939      0.259122461    
 -0.430370569      0.245478570    
 -0.422163486      0.232085884    
 -0.413539797      0.218957603    
 -0.404507995      0.206106693    
 -0.395076990      0.193545789    
 -0.385256082      0.181287333    
 -0.375054955      0.169343412    
 -0.364483714      0.157725811    
 -0.353552759      0.146445990    
 -0.342272907      0.135515094    
 -0.330655277      0.124943882    
 -0.318711311      0.114742801    
 -0.306452811      0.104921937    
 -0.293891907       9.54909772E-02
 -0.281040937       8.64592046E-02
 -0.267912596       7.78355375E-02
 -0.254519910       6.96285069E-02
 -0.240876019       6.18462078E-02
 -0.226994410       5.44963107E-02
 -0.212888792       4.75860685E-02
 -0.198573068       4.11223061E-02
 -0.184061378       3.51114050E-02
 -0.169368044       2.95592844E-02
 -0.154507563       2.44714376E-02
 -0.139494598       1.98528823E-02
 -0.124343984       1.57081727E-02
 -0.109070644       1.20414020E-02
  -9.36896726E-02   8.85618664E-03
  -7.82162398E-02   6.15567248E-03
  -6.26656115E-02   3.94252222E-03
  -4.70531397E-02   2.21892167E-03
  -3.13942358E-02   9.86571307E-04
  -1.57043450E-02   2.46687297E-04
   1.04109711E-06   1.08388320E-12
   1.57064255E-02   2.46752723E-04
   3.13963108E-02   9.86701925E-04
   4.70552109E-02   2.21911748E-03
   6.26676753E-02   3.94278346E-03
   7.82182887E-02   6.15599751E-03
   9.36917141E-02   8.85657687E-03
  0.109072685       1.20418565E-02
  0.124346003       1.57086924E-02
  0.139496610       1.98534653E-02
  0.154509544       2.44720802E-02
  0.169370010       2.95599923E-02
  0.184063315       3.51121686E-02
  0.198574975       4.11231332E-02
  0.212890670       4.75869551E-02
  0.226996258       5.44972531E-02
  0.240877837       6.18472099E-02
  0.254521698       6.96295798E-02
  0.267914355       7.78366476E-02
  0.281042635       8.64603594E-02
  0.293893576       9.54921916E-02
  0.306454450      0.104923211    
  0.318712920      0.114744134    
  0.330656826      0.124945253    
  0.342274457      0.135516509    
  0.353554219      0.146447450    
  0.364485145      0.157727331    
  0.375056326      0.169344991    
  0.385257393      0.181288943    
  0.395078272      0.193547443    
  0.404509217      0.206108361    
  0.413540989      0.218959346    
  0.422164619      0.232087672    
  0.430371642      0.245480374    
  0.438153952      0.259124279    
  0.445503801      0.273005843    
  0.452414095      0.287111521    
  0.458877802      0.301427215    
  0.464888692      0.315938920    
  0.470440805      0.330632240    
  0.475528657      0.345492750    
  0.480147183      0.360505670    
  0.484291881      0.375656307    
  0.487958670      0.390929639    
  0.491143882      0.406310648    
  0.493844390      0.421784073    
  0.496057540      0.437334716    
  0.497781098      0.452947170    
  0.499013454      0.468606085    
  0.499753326      0.484295994    
  0.499999970      0.500001311    
  0.499753237      0.515706778    
  0.499013275      0.531396627    
  0.497780830      0.547055483    
  0.496057212      0.562668025    
  0.493843973      0.578218400    
  0.491143435      0.593691826    
  0.487958133      0.609072804    
  0.484291255      0.624346018    
  0.480146497      0.639496684    
  0.475527912      0.654509664    
  0.470439970      0.669370055    
  0.464887828      0.684063435    
  0.458876818      0.698575079    
  0.452413023      0.712890744    
  0.445502728      0.726996362    
  0.438152730      0.740877867    
  0.430370390      0.754521787    
  0.422163308      0.767914414    
  0.413539588      0.781042755    
  0.404507756      0.793893576    
  0.395076722      0.806454539    
  0.385255814      0.818712950    
  0.375054687      0.830656826    
  0.364483446      0.842274487    
  0.353552490      0.853554308    
  0.342272609      0.864485204    
  0.330654949      0.875056386    
  0.318710983      0.885257423    
  0.306452483      0.895078361    
  0.293891549      0.904509246    
  0.281040609      0.913540959    
  0.267912269      0.922164679    
  0.254519552      0.930371702    
  0.240875661      0.938153923    
  0.226994038      0.945503831    
  0.212888420      0.952414095    
  0.198572695      0.958877802    
  0.184061006      0.964888811    
  0.169367671      0.970440865    
  0.154507190      0.975528657    
  0.139494225      0.980147243    
  0.124343596      0.984291971    
  0.109070249      0.987958670    
   9.36892703E-02  0.991143823    
   7.82158375E-02  0.993844330    
   6.26652092E-02  0.996057451    
   4.70527373E-02  0.997781098    
   3.13938335E-02  0.999013424    
   1.57039445E-02  0.999753356    
  -1.44243631E-06   1.00000000    
  -1.57068279E-02  0.999753237    
  -3.13967131E-02  0.999013305    
  -4.70556095E-02  0.997780859    
  -6.26680776E-02  0.996057093    
  -7.82186911E-02  0.993843973    
  -9.36921164E-02  0.991143346    
 -0.109073073      0.987958074    
 -0.124346390      0.984291255    
 -0.139496982      0.980146408    
 -0.154509932      0.975527823    
 -0.169370398      0.970439911    
 -0.184063688      0.964887738    
 -0.198575333      0.958876669    
 -0.212891027      0.952412903    
 -0.226996630      0.945502520    
 -0.240878180      0.938152552    
 -0.254522055      0.930370212    
 -0.267914712      0.922163069    
 -0.281042963      0.913539410    
 -0.293893903      0.904507518    
 -0.306454778      0.895076573    
 -0.318713188      0.885255635    
 -0.330657125      0.875054479    
 -0.342274725      0.864483237    
 -0.353554517      0.853552222    
 -0.364485413      0.842272401    
 -0.375056595      0.830654681    
 -0.385257661      0.818710685    
 -0.395078510      0.806452274    
 -0.404509425      0.793891251    
 -0.413541228      0.781040311    
 -0.422164828      0.767911971    
 -0.430371851      0.754519284    
 -0.438154161      0.740875423    
 -0.445504040      0.726993799    
 -0.452414274      0.712888122    
 -0.458877981      0.698572397    
 -0.464888901      0.684060752    
 -0.470440984      0.669367373    
 -0.475528777      0.654506862    
 -0.480147332      0.639493883    
 -0.484292030      0.624343336    
 -0.487958789      0.609070003    
 -0.491143942      0.593688965    
 -0.493844420      0.578215480    
 -0.496057570      0.562664866    
 -0.497781157      0.547052443    
 -0.499013484      0.531393528    
 -0.499753326      0.515703678    
 -0.499999970      0.499998212    
 -0.499753237      0.484292865    
 -0.499013275      0.468602985    
 -0.497780830      0.452944040    
 -0.496057123      0.437331647    
 -0.493843883      0.421780974    
 -0.491143286      0.406307608    
 -0.487957954      0.390926570    
 -0.484291136      0.375653297    
 -0.480146319      0.360502660    
 -0.475527674      0.345489740    
 -0.470439762      0.330629319    
 -0.464887589      0.315936029    
 -0.458876610      0.301424384    
 -0.452412754      0.287108690    
 -0.445502430      0.273003101    
 -0.438152462      0.259121537    
 -0.430370063      0.245477691    
 -0.422162980      0.232085019    
 -0.413539231      0.218956739    
 -0.404507369      0.206105843    
 -0.395076364      0.193544984    
 -0.385255396      0.181286559    
 -0.375054270      0.169342637    
 -0.364482999      0.157725051    
 -0.353552043      0.146445259    
 -0.342272162      0.135514364    
 -0.330654472      0.124943189    
 -0.318710506      0.114742137    
 -0.306451976      0.104921296    
 -0.293891042       9.54903439E-02
 -0.281040072       8.64586085E-02
 -0.267911762       7.78349862E-02
 -0.254518986       6.96279779E-02
 -0.240875095       6.18457049E-02
 -0.226993486       5.44958375E-02
 -0.212887853       4.75856289E-02
 -0.198572114       4.11218964E-02
 -0.184060410       3.51110175E-02
 -0.169367075       2.95589361E-02
 -0.154506564       2.44711153E-02
 -0.139493614       1.98525917E-02
 -0.124342978       1.57079156E-02
 -0.109069631       1.20411748E-02
  -9.36886519E-02   8.85599200E-03
  -7.82152042E-02   6.15550857E-03
  -6.26645759E-02   3.94239137E-03
  -4.70521003E-02   2.21882341E-03
  -3.13931927E-02   9.86505765E-04
  -1.57033037E-02   2.46654585E-04
   2.08219421E-06   4.33553280E-12
   1.57074668E-02   2.46785436E-04
   3.13973501E-02   9.86767467E-04
   4.70562503E-02   2.21921550E-03
   6.26687035E-02   3.94291338E-03
   7.82193169E-02   6.15616003E-03
   9.36927423E-02   8.85677151E-03
  0.109073699       1.20420838E-02
  0.124347009       1.57089494E-02
  0.139497608       1.98537558E-02
  0.154510528       2.44724024E-02
  0.169370994       2.95603443E-02
  0.184064284       3.51125486E-02
  0.198575929       4.11235467E-02
  0.212891594       4.75873947E-02
  0.226997197       5.44977263E-02
  0.240878761       6.18477128E-02
  0.254522592       6.96301013E-02
  0.267915249       7.78372139E-02
  0.281043530       8.64609554E-02
  0.293894410       9.54927951E-02
  0.306455255      0.104923844    
  0.318713725      0.114744805    
  0.330657601      0.124945946    
  0.342275172      0.135517210    
  0.353554994      0.146448195    
  0.364485860      0.157728076    
  0.375057042      0.169345766    
  0.385258079      0.181289747    
  0.395078897      0.193548262    
  0.404509842      0.206109211    
  0.413541585      0.218960211    
  0.422165185      0.232088536    
  0.430372179      0.245481268    
  0.438154429      0.259125173    
  0.445504308      0.273006797    
  0.452414513      0.287112474    
  0.458878219      0.301428199    
  0.464889139      0.315939933    
  0.470441163      0.330633223    
  0.475528985      0.345493734    
  0.480147511      0.360506684    
  0.484292150      0.375657320    
  0.487958908      0.390930682    
  0.491144091      0.406311691    
  0.493844509      0.421785086    
  0.496057659      0.437335759    
  0.497781217      0.452948213    
  0.499013543      0.468607128    
  0.499753356      0.484297007    
  0.500000000      0.500002444    
  0.499753177      0.515707791    
  0.499013215      0.531397700    
  0.497780740      0.547056556    
  0.496057004      0.562668979    
  0.493843794      0.578219652    
  0.491143137      0.593693018    
  0.487957835      0.609073997    
  0.484291017      0.624347389    
  0.480146170      0.639497936    
  0.475527495      0.654510796    
  0.470439523      0.669371247    
  0.464887351      0.684064627    
  0.458876371      0.698576272    
  0.452412486      0.712891877    
  0.445502162      0.726997495    
  0.438152134      0.740878999    
  0.430369735      0.754522800    
  0.422162622      0.767915547    
  0.413538873      0.781043828    
  0.404507011      0.793894649    
  0.395075947      0.806455493    
  0.385255009      0.818713963    
  0.375053853      0.830657840    
  0.364482582      0.842275441    
  0.353551596      0.853555202    
  0.342271686      0.864486098    
  0.330654025      0.875057280    
  0.318710029      0.885258317    
  0.306451470      0.895079017    
  0.293890536      0.904510021    
  0.281039566      0.913541794    
  0.267911196      0.922165394    
  0.254518479      0.930372357    
  0.240874544      0.938154638    
  0.226992905      0.945504427    
  0.212887272      0.952414632    
  0.198571533      0.958878398    
  0.184059829      0.964889228    
  0.169366464      0.970441341    
  0.154505968      0.975529134    
  0.139493003      0.980147600    
  0.124342352      0.984292209    
  0.109069012      0.987959027    
   9.36880186E-02  0.991144061    
   7.82145783E-02  0.993844569    
   6.26639426E-02  0.996057689    
   4.70514670E-02  0.997781217    
   3.13925594E-02  0.999013543    
   1.57026649E-02  0.999753356    
  -2.72195211E-06   1.00000000    
  -1.57081056E-02  0.999753237    
  -3.13979872E-02  0.999013186    
  -4.70568873E-02  0.997780740    
  -6.26693442E-02  0.996056974    
  -7.82199502E-02  0.993843734    
  -9.36933681E-02  0.991143107    
 -0.109074324      0.987957835    
 -0.124347635      0.984290898    
 -0.139498219      0.980146050    
 -0.154510692      0.975527585    
 -0.169371143      0.970439553    
 -0.184064433      0.964887381    
 -0.198576093      0.958876431    
 -0.212891757      0.952412546    
 -0.226997331      0.945502222    
 -0.240878880      0.938152194    
 -0.254522711      0.930369854    
 -0.267915398      0.922162771    
 -0.281043649      0.913538933    
 -0.293894529      0.904507041    
 -0.306455404      0.895075977    
 -0.318713844      0.885255039    
 -0.330657721      0.875053883    
 -0.342275292      0.864482641    
 -0.353555083      0.853551686    
 -0.364485979      0.842271864    
 -0.375057161      0.830654144    
 -0.385258168      0.818710148    
 -0.395078987      0.806451619    
 -0.404509902      0.793890595    
 -0.413541675      0.781039715    
 -0.422165275      0.767911375    
 -0.430372268      0.754518569    
 -0.438154519      0.740874708    
 -0.445504427      0.726993084    
 -0.452414602      0.712887406    
 -0.458878309      0.698571682    
 -0.464889169      0.684059978    
 -0.470441222      0.669366539    
 -0.475529015      0.654506087    
 -0.480147511      0.639493167    
 -0.484292179      0.624342442    
 -0.487958938      0.609069169    
 -0.491144121      0.593688190    
 -0.493844599      0.578214765    
 -0.496057659      0.562664092    
 -0.497781217      0.547051609    
 -0.499013543      0.531392753    
 -0.499753356      0.515702784    
 -0.500000000      0.499997467    
 -0.499753177      0.484292030    
 -0.499013215      0.468602151    
 -0.497780740      0.452943265    
 -0.496057004      0.437330782    
 -0.493843734      0.421780199    
 -0.491143137      0.406306773    
 -0.487957805      0.390925825    
 -0.484290898      0.375652492    
 -0.480146140      0.360501945    
 -0.475527436      0.345488966    
 -0.470439494      0.330628544    
 -0.464887291      0.315935284    
 -0.458876252      0.301423609    
 -0.452412397      0.287107944    
 -0.445502043      0.273002356    
 -0.438152045      0.259120822    
 -0.430369645      0.245476976    
 -0.422162533      0.232084334    
 -0.413538754      0.218956083    
 -0.404506922      0.206105202    
 -0.395075887      0.193544343    
 -0.385254890      0.181285918    
 -0.375053734      0.169342041    
 -0.364482462      0.157724455    
 -0.353551477      0.146444693    
 -0.342271566      0.135513812    
 -0.330653906      0.124942660    
 -0.318709880      0.114741631    
 -0.306451350      0.104920812    
 -0.293890417       9.54898894E-02
 -0.281039387       8.64581540E-02
 -0.267911077       7.78345540E-02
 -0.254518300       6.96275681E-02
 -0.240874410       6.18453212E-02
 -0.226992756       5.44954687E-02
 -0.212887123       4.75852825E-02
 -0.198571369       4.11215760E-02
 -0.184059665       3.51107232E-02
 -0.169366315       2.95586642E-02
 -0.154505804       2.44708695E-02
 -0.139492840       1.98523700E-02
 -0.124342196       1.57077145E-02
 -0.109068848       1.20409997E-02
  -9.36878696E-02   8.85584205E-03
  -7.82144144E-02   6.15538377E-03
  -6.26637787E-02   3.94229125E-03
  -4.70513031E-02   2.21874798E-03
  -3.13923955E-02   9.86455474E-04
  -1.57025028E-02   2.46629439E-04
   2.88487263E-06   8.32249027E-12
   1.57082696E-02   2.46810640E-04
   3.13981511E-02   9.86817759E-04
   4.70570475E-02   2.21929094E-03
   6.26695082E-02   3.94301442E-03
   7.82201141E-02   6.15628622E-03
   9.36935320E-02   8.85692332E-03
  0.109074481       1.20422589E-02
  0.124347776       1.57091487E-02
  0.139498383       1.98539775E-02
  0.154511303       2.44726539E-02
  0.169371739       2.95606162E-02
  0.184065029       3.51128466E-02
  0.198576674       4.11238670E-02
  0.212892339       4.75877412E-02
  0.226997912       5.44980951E-02
  0.240879446       6.18481003E-02
  0.254523277       6.96305037E-02
  0.267915934       7.78376460E-02
  0.281044185       8.64614099E-02
  0.293895066       9.54932794E-02
  0.306455910      0.104924351    
  0.318714321      0.114745304    
  0.330658227      0.124946475    
  0.342275769      0.135517761    
  0.353555560      0.146448776    
  0.364486396      0.157728672    
  0.375057578      0.169346362    
  0.385258555      0.181290358    
  0.395079374      0.193548888    
  0.404510289      0.206109852    
  0.413542032      0.218960866    
  0.422165602      0.232089221    
  0.430372596      0.245481938    
  0.438154846      0.259125918    
  0.445504695      0.273007542    
  0.452414840      0.287113160    
  0.458878547      0.301428914    
  0.464889407      0.315940648    
  0.470441431      0.330633968    
  0.475529253      0.345494509    
  0.480147749      0.360507458    
  0.484292388      0.375658125    
  0.487959027      0.390931427    
  0.491144210      0.406312466    
  0.493844688      0.421785921    
  0.496057749      0.437336534    
  0.497781307      0.452949017    
  0.499013573      0.468607962    
  0.499753416      0.484297842    
  0.499999970      0.500003159    
  0.499753207      0.515708625    
  0.499013156      0.531398475    
  0.497780651      0.547057390    
  0.496056914      0.562669814    
  0.493843645      0.578220367    
  0.491143018      0.593693852    
  0.487957716      0.609074831    
  0.484290779      0.624348104    
  0.480145931      0.639498651    
  0.475527257      0.654511571    
  0.470439255      0.669372022    
  0.464887023      0.684065282    
  0.458875984      0.698576987    
  0.452412128      0.712892652    
  0.445501745      0.726998150    
  0.438151747      0.740879714    
  0.430369347      0.754523575    
  0.422162175      0.767916143    
  0.413538396      0.781044424    
  0.404506534      0.793895304    
  0.395075440      0.806456149    
  0.385254502      0.818714619    
  0.375053316      0.830658495    
  0.364482015      0.842275977    
  0.353551000      0.853555739    
  0.342271090      0.864486635    
  0.330653429      0.875057817    
  0.318709403      0.885258794    
  0.306450844      0.895079613    
  0.293889850      0.904510498    
  0.281038880      0.913542211    
  0.267910510      0.922165871    
  0.254517764      0.930372715    
  0.240873829      0.938154995    
  0.226992190      0.945504844    
  0.212886542      0.952414989    
  0.198570788      0.958878636    
  0.184059069      0.964889467    
  0.169365704      0.970441580    
  0.154505208      0.975529373    
  0.139492214      0.980147839    
  0.124341585      0.984292448    
  0.109068230      0.987959146    
   9.36872363E-02  0.991144300    
   7.82137811E-02  0.993844688    
   6.26631454E-02  0.996057808    
   4.70506698E-02  0.997781336    
   3.13917547E-02  0.999013543    
   1.57018621E-02  0.999753356    
  -3.52463053E-06   1.00000000    
  -1.57089084E-02  0.999753118    
  -3.13987918E-02  0.999013186    
  -4.70576845E-02  0.997780621    
  -6.26701340E-02  0.996056855    
  -7.82207400E-02  0.993843615    
  -9.36941504E-02  0.991142929    
 -0.109075099      0.987957597    
 -0.124348409      0.984290659    
 -0.139498994      0.980145812    
 -0.154511914      0.975527108    
 -0.169372350      0.970439196    
 -0.184065625      0.964886904    
 -0.198577255      0.958875835    
 -0.212892920      0.952411950    
 -0.226998463      0.945501626    
 -0.240880027      0.938151598    
 -0.254523844      0.930369139    
 -0.267916471      0.922162056    
 -0.281044692      0.913538277    
 -0.293895572      0.904506385    
 -0.306456417      0.895075321    
 -0.318714797      0.885254264    
 -0.330658704      0.875053108    
 -0.342276216      0.864481747    
 -0.353555977      0.853550792    
 -0.364486843      0.842270851    
 -0.375057995      0.830653131    
 -0.385258973      0.818709075    
 -0.395079792      0.806450546    
 -0.404510677      0.793889642    
 -0.413542390      0.781038642    
 -0.422165960      0.767910242    
 -0.430372894      0.754517436    
 -0.438155144      0.740873575    
 -0.445504963      0.726991892    
 -0.452415109      0.712886214    
 -0.458878785      0.698570490    
 -0.464889646      0.684058785    
 -0.470441639      0.669365406    
 -0.475529432      0.654504955    
 -0.480147928      0.639491916    
 -0.484292507      0.624341249    
 -0.487959236      0.609067917    
 -0.491144329      0.593686879    
 -0.493844777      0.578213513    
 -0.496057838      0.562662840    
 -0.497781336      0.547050297    
 -0.499013633      0.531391442    
 -0.499753416      0.515701532    
 -0.500000000      0.499996185    
 -0.499753177      0.484290779    
 -0.499013096      0.468600839    
 -0.497780591      0.452941954    
 -0.496056825      0.437329531    
 -0.493843555      0.421778947    
 -0.491142929      0.406305552    
 -0.487957507      0.390924573    
 -0.484290570      0.375651240    
 -0.480145752      0.360500664    
 -0.475527018      0.345487773    
 -0.470439076      0.330627382    
 -0.464886785      0.315934092    
 -0.458875746      0.301422417    
 -0.452411830      0.287106782    
 -0.445501477      0.273001254    
 -0.438151449      0.259119719    
 -0.430368990      0.245475888    
 -0.422161818      0.232083246    
 -0.413538069      0.218955040    
 -0.404506177      0.206104174    
 -0.395075053      0.193543330    
 -0.385254055      0.181284934    
 -0.375052869      0.169341058    
 -0.364481568      0.157723531    
 -0.353550553      0.146443769    
 -0.342270643      0.135512933    
 -0.330652922      0.124941818    
 -0.318708897      0.114740804    
 -0.306450337      0.104920022    
 -0.293889374       9.54891294E-02
 -0.281038344       8.64574313E-02
 -0.267910004       7.78338760E-02
 -0.254517227       6.96269199E-02
 -0.240873277       6.18447065E-02
 -0.226991624       5.44948913E-02
 -0.212885946       4.75847386E-02
 -0.198570192       4.11210656E-02
 -0.184058473       3.51102538E-02
 -0.169365108       2.95582283E-02
 -0.154504582       2.44704727E-02
 -0.139491603       1.98520124E-02
 -0.124340959       1.57073960E-02
 -0.109067596       1.20407194E-02
  -9.36866105E-02   8.85560177E-03
  -7.82131553E-02   6.15518354E-03
  -6.26625046E-02   3.94213013E-03
  -4.70500290E-02   2.21862760E-03
  -3.13911177E-02   9.86375264E-04
  -1.57012232E-02   2.46589247E-04
   4.16438843E-06   1.73421312E-11
   1.57095492E-02   2.46850861E-04
   3.13994288E-02   9.86898085E-04
   4.70583215E-02   2.21941131E-03
   6.26707748E-02   3.94317461E-03
   7.82213807E-02   6.15648599E-03
   9.36947837E-02   8.85716267E-03
  0.109075725       1.20425364E-02
  0.124349035       1.57094691E-02
  0.139499605       1.98543351E-02
  0.154512525       2.44730506E-02
  0.169372961       2.95610521E-02
  0.184066221       3.51133198E-02
  0.198577836       4.11243737E-02
  0.212893501       4.75882851E-02
  0.226999044       5.44986725E-02
  0.240880579       6.18487149E-02
  0.254524380       6.96311668E-02
  0.267917007       7.78383315E-02
  0.281045258       8.64621326E-02
  0.293896109       9.54940319E-02
  0.306456923      0.104925118    
  0.318715304      0.114746116    
  0.330659181      0.124947317    
  0.342276692      0.135518640    
  0.353556454      0.146449655    
  0.364487290      0.157729596    
  0.375058413      0.169347316    
  0.385259390      0.181291342    
  0.395080179      0.193549916    
  0.404511064      0.206110910    
  0.413542777      0.218961939    
  0.422166288      0.232090279    
  0.430373251      0.245483071    
  0.438155442      0.259126991    
  0.445505261      0.273008645    
  0.452415377      0.287114322    
  0.458879054      0.301430076    
  0.464889854      0.315941781    
  0.470441878      0.330635190    
  0.475529611      0.345495701    
  0.480148077      0.360508680    
  0.484292716      0.375659376    
  0.487959355      0.390932709    
  0.491144449      0.406313688    
  0.493844897      0.421787173    
  0.496057898      0.437337786    
  0.497781396      0.452950299    
  0.499013633      0.468609184    
  0.499753416      0.484299064    
  0.499999970      0.500004470    
  0.499753118      0.515709817    
  0.499013096      0.531399786    
  0.497780532      0.547058582    
  0.496056765      0.562671065    
  0.493843466      0.578221679    
  0.491142750      0.593695045    
  0.487957388      0.609076023    
  0.484290451      0.624349356    
  0.480145574      0.639499903    
  0.475526839      0.654512823    
  0.470438838      0.669373214    
  0.464886546      0.684066474    
  0.458875477      0.698578179    
  0.452411562      0.712893784    
  0.445501179      0.726999283    
  0.438151151      0.740880847    
  0.430368662      0.754524708    
  0.422161520      0.767917335    
  0.413537711      0.781045496    
  0.404505759      0.793896377    
  0.395074695      0.806457222    
  0.385253668      0.818715572    
  0.375052482      0.830659449    
  0.364481121      0.842276871    
  0.353550106      0.853556633    
  0.342270166      0.864487529    
  0.330652416      0.875058591    
  0.318708390      0.885259569    
  0.306449860      0.895080388    
  0.293888837      0.904511273    
  0.281037807      0.913542926    
  0.267909437      0.922166526    
  0.254516661      0.930373430    
  0.240872726      0.938155651    
  0.226991057      0.945505440    
  0.212885380      0.952415586    
  0.198569626      0.958879232    
  0.184057891      0.964889944    
  0.169364512      0.970442057    
  0.154503986      0.975529730    
  0.139490992      0.980148196    
  0.124340333      0.984292805    
  0.109066971      0.987959385    
   9.36859772E-02  0.991144538    
   7.82125220E-02  0.993844926    
   6.26618788E-02  0.996057928    
   4.70493957E-02  0.997781456    
   3.13904770E-02  0.999013662    
   1.57005843E-02  0.999753475    
  -4.80414610E-06   1.00000000    
  -1.57101881E-02  0.999753118    
  -3.14000696E-02  0.999013066    
  -4.70589586E-02  0.997780502    
  -6.26714081E-02  0.996056736    
  -7.82220140E-02  0.993843377    
  -9.36954096E-02  0.991142690    
 -0.109076358      0.987957358    
 -0.124349639      0.984290302    
 -0.139500231      0.980145454    
 -0.154513136      0.975526750    
 -0.169373557      0.970438719    
 -0.184066817      0.964886427    
 -0.198578432      0.958875358    
 -0.212894067      0.952411413    
 -0.226999611      0.945501029    
 -0.240881130      0.938150942    
 -0.254524916      0.930368483    
 -0.267917573      0.922161400    
 -0.281045765      0.913537562    
 -0.293896616      0.904505610    
 -0.306457430      0.895074546    
 -0.318715811      0.885253489    
 -0.330659628      0.875052214    
 -0.342277169      0.864480913    
 -0.353556901      0.853549898    
 -0.364487708      0.842269897    
 -0.375058830      0.830652177    
 -0.385259807      0.818708122    
 -0.395080566      0.806449592    
 -0.404511452      0.793888628    
 -0.413543105      0.781037569    
 -0.422166646      0.767909169    
 -0.430373549      0.754516423    
 -0.438155740      0.740872443    
 -0.445505530      0.726990759    
 -0.452415675      0.712885141    
 -0.458879292      0.698569298    
 -0.464890093      0.684057593    
 -0.470442116      0.669364214    
 -0.475529820      0.654503703    
 -0.480148256      0.639490664    
 -0.484292835      0.624339998    
 -0.487959504      0.609066665    
 -0.491144598      0.593685687    
 -0.493844986      0.578212261    
 -0.496057987      0.562661588    
 -0.497781485      0.547049046    
 -0.499013662      0.531390131    
 -0.499753445      0.515700221    
 -0.499999970      0.499994844    
 -0.499753088      0.484289438    
 -0.499013036      0.468599617    
 -0.497780502      0.452940673    
 -0.496056706      0.437328249    
 -0.493843347      0.421777636    
 -0.491142631      0.406304240    
 -0.487957239      0.390923291    
 -0.484290302      0.375650018    
 -0.480145365      0.360499442    
 -0.475526661      0.345486581    
 -0.470438629      0.330626160    
 -0.464886308      0.315932870    
 -0.458875239      0.301421255    
 -0.452411324      0.287105650    
 -0.445500910      0.273000121    
 -0.438150823      0.259118557    
 -0.430368364      0.245474800    
 -0.422161162      0.232082188    
 -0.413537353      0.218953982    
 -0.404505402      0.206103116    
 -0.395074278      0.193542331    
 -0.385253280      0.181283936    
 -0.375052035      0.169340104    
 -0.364480704      0.157722592    
 -0.353549629      0.146442860    
 -0.342269689      0.135512054    
 -0.330651939      0.124940954    
 -0.318707913      0.114739999    
 -0.306449324      0.104919232    
 -0.293888330       9.54883769E-02
 -0.281037271       8.64567161E-02
 -0.267908901       7.78331757E-02
 -0.254516125       6.96262792E-02
 -0.240872160       6.18440881E-02
 -0.226990476       5.44943102E-02
 -0.212884799       4.75841910E-02
 -0.198569030       4.11205590E-02
 -0.184057280       3.51097807E-02
 -0.169363901       2.95577943E-02
 -0.154503390       2.44700816E-02
 -0.139490381       1.98516548E-02
 -0.124339722       1.57070793E-02
 -0.109066360       1.20404419E-02
  -9.36853513E-02   8.85536242E-03
  -7.82118887E-02   6.15498284E-03
  -6.26612455E-02   3.94197041E-03
  -4.70487550E-02   2.21850723E-03
  -3.13898362E-02   9.86294704E-04
  -1.56999454E-02   2.46549054E-04
   5.44390423E-06   2.96360922E-11
   1.57108288E-02   2.46891082E-04
   3.14007029E-02   9.86978295E-04
   4.70595956E-02   2.21953169E-03
   6.26720488E-02   3.94333526E-03
   7.82226399E-02   6.15668623E-03
   9.36960429E-02   8.85740295E-03
  0.109076977       1.20428158E-02
  0.124350272       1.57097876E-02
  0.139500841       1.98546909E-02
  0.154513732       2.44734418E-02
  0.169374153       2.95614824E-02
  0.184067413       3.51137891E-02
  0.198579013       4.11248803E-02
  0.212894663       4.75888327E-02
  0.227000177       5.44992536E-02
  0.240881696       6.18493296E-02
  0.254525483       6.96318150E-02
  0.267918080       7.78390095E-02
  0.281046301       8.64628479E-02
  0.293896377       9.54942182E-02
  0.306456447      0.104924753    
  0.318714082      0.114745103    
  0.330657244      0.124945633    
  0.342274159      0.135516256    
  0.353553325      0.146446541    
  0.364483595      0.157725662    
  0.375054210      0.169342563    
  0.385254711      0.181285709    
  0.395075083      0.193543375    
  0.404505640      0.206103444    
  0.413537025      0.218953505    
  0.422160327      0.232080892    
  0.430367112      0.245472670    
  0.438149184      0.259115577    
  0.445498884      0.272996187    
  0.452409059      0.287100852    
  0.458872706      0.301415503    
  0.464883685      0.315926194    
  0.470435888      0.330618471    
  0.475523829      0.345477909    
  0.480142593      0.360489786    
  0.484287530      0.375639349    
  0.487954646      0.390911609    
  0.491140246      0.406291574    
  0.493841201      0.421763927    
  0.496054828      0.437313527    
  0.497778982      0.452924967    
  0.499012023      0.468582898    
  0.499752581      0.484271795    
  0.500000000      0.499976218    
  0.499754041      0.515680611    
  0.499014974      0.531369627    
  0.497783512      0.547027647    
  0.496060789      0.562639236    
  0.493848622      0.578189015    
  0.491149157      0.593661726    
  0.487965018      0.609041870    
  0.484299392      0.624314606    
  0.480155885      0.639464557    
  0.475538552      0.654476881    
  0.470451951      0.669336736    
  0.464901179      0.684029579    
  0.458891660      0.698540807    
  0.452429324      0.712856114    
  0.445520520      0.726961374    
  0.438172072      0.740842700    
  0.430391312      0.754486382    
  0.422185838      0.767878890    
  0.413563788      0.781007171    
  0.404533595      0.793857992    
  0.395104289      0.806419015    
  0.385285079      0.818677604    
  0.375085682      0.830621719    
  0.364516169      0.842239678    
  0.353586972      0.853519857    
  0.342308849      0.864451170    
  0.330692977      0.875022888    
  0.318750769      0.885224581    
  0.306494057      0.895046115    
  0.293934882      0.904477835    
  0.281085670      0.913510442    
  0.267959088      0.922134936    
  0.254568070      0.930342913    
  0.240925908      0.938126326    
  0.227045998      0.945477366    
  0.212942034      0.952388823    
  0.198627949      0.958853900    
  0.184117869      0.964866161    
  0.169426113      0.970419824    
  0.154567167      0.975509226    
  0.139555708      0.980129421    
  0.124406524      0.984275758    
  0.109134600      0.987944305    
   9.37549844E-02  0.991131365    
   7.82828405E-02  0.993833780    
   6.27334639E-02  0.996048927    
   4.71221730E-02  0.997774541    
   3.14643942E-02  0.999009013    
   1.57755613E-02  0.999751091    
   7.11639586E-05   1.00000000    
  -1.56333037E-02  0.999755502    
  -3.13223451E-02  0.999017954    
  -4.69804816E-02  0.997788012    
  -6.25922605E-02  0.996066749    
  -7.81422630E-02  0.993856013    
  -9.36151668E-02  0.991157949    
 -0.108995698      0.987975359    
 -0.124268666      0.984311163    
 -0.139419019      0.980169058    
 -0.154431790      0.975553155    
 -0.169292197      0.970467985    
 -0.183985546      0.964918673    
 -0.198497325      0.958910525    
 -0.212813258      0.952449441    
 -0.226919174      0.945541978    
 -0.240801185      0.938194931    
 -0.254445583      0.930415392    
 -0.267838925      0.922211170    
 -0.280967951      0.913590431    
 -0.293819726      0.904561460    
 -0.306381553      0.895133317    
 -0.318641096      0.885315299    
 -0.330586195      0.875117004    
 -0.342205107      0.864548624    
 -0.353486300      0.853620410    
 -0.364418745      0.842343390    
 -0.374991536      0.830728471    
 -0.385194331      0.818787277    
 -0.395017058      0.806531489    
 -0.404449940      0.793973148    
 -0.413483769      0.781124830    
 -0.422109604      0.767999113    
 -0.430318862      0.754608870    
 -0.438103557      0.740967453    
 -0.445455909      0.727088213    
 -0.452368706      0.712984860    
 -0.458835125      0.698671401    
 -0.464848787      0.684161901    
 -0.470403731      0.669470608    
 -0.475494534      0.654612184    
 -0.480116129      0.639601171    
 -0.484263957      0.624452412    
 -0.487933964      0.609180808    
 -0.491122454      0.593801498    
 -0.493826330      0.578329623    
 -0.496042937      0.562780440    
 -0.497770101      0.547169328    
 -0.499006033      0.531511724    
 -0.499749601      0.515822947    
 -0.499999970      0.500118494    
 -0.499757022      0.484414071    
 -0.499020904      0.468724906    
 -0.497792363      0.453066647    
 -0.496072650      0.437454730    
 -0.493863463      0.421904534    
 -0.491166919      0.406431377    
 -0.487985700      0.391050547    
 -0.484322935      0.375777215    
 -0.480182260      0.360626429    
 -0.475567758      0.345613211    
 -0.470484018      0.330752343    
 -0.464936048      0.316058517    
 -0.458929241      0.301546127    
 -0.452469647      0.287229627    
 -0.445563525      0.273123026    
 -0.438217700      0.259240299    
 -0.430439532      0.245595187    
 -0.422236592      0.232201070    
 -0.413617015      0.219071254    
 -0.404589295      0.206218600    
 -0.395162344      0.193655863    
 -0.385345429      0.181395397    
 -0.375148296      0.169449314    
 -0.364580989      0.157829434    
 -0.353653938      0.146547183    
 -0.342377901      0.135613695    
 -0.330764025      0.125039786    
 -0.318823755      0.114835858    
 -0.306568891      0.105012000    
 -0.294011503       9.55778956E-02
 -0.281163990       8.65428597E-02
 -0.268039048       7.79158100E-02
 -0.254649609       6.97052553E-02
 -0.241008908       6.19192943E-02
 -0.227130398       5.45656197E-02
 -0.213027745       4.76514809E-02
 -0.198714882       4.11837026E-02
 -0.184205934       3.51686627E-02
 -0.169515237       2.96123046E-02
 -0.154657260       2.45201010E-02
 -0.139646664       1.98970847E-02
 -0.124498278       1.57478135E-02
 -0.109227039       1.20763853E-02
  -9.38480198E-02   8.88641924E-03
  -7.83764049E-02   6.18106592E-03
  -6.28274381E-02   3.96299222E-03
  -4.72164787E-02   2.23438838E-03
  -3.15589309E-02   9.96959978E-04
  -1.58702433E-02   2.51928053E-04
  -1.65891630E-04   2.75200325E-08
   1.55386217E-02   2.41507092E-04
   3.12278047E-02   9.76128562E-04
   4.68861684E-02   2.20316695E-03
   6.24982752E-02   3.92141193E-03
   7.80487061E-02   6.12916658E-03
   9.35221165E-02   8.82425439E-03
  0.108903244       1.20040132E-02
  0.124176912       1.56653076E-02
  0.139328048       1.98045243E-02
  0.154341698       2.44175792E-02
  0.169203073       2.94999238E-02
  0.183897451       3.50465328E-02
  0.198410392       4.10519429E-02
  0.212727532       4.75102253E-02
  0.226834774       5.44150062E-02
  0.240718156       6.17594644E-02
  0.254364043       6.95363730E-02
  0.267758906       7.77380392E-02
  0.280889571       8.63563716E-02
  0.293743074       9.53828841E-02
  0.306306720      0.104808651    
  0.318568081      0.114624374    
  0.330515116      0.124820367    
  0.342136025      0.135386586    
  0.353419304      0.146312580    
  0.364353895      0.157587603    
  0.374928892      0.169200465    
  0.385133922      0.181139767    
  0.394958973      0.193393707    
  0.404394269      0.205950201    
  0.413430512      0.218796849    
  0.422058791      0.231920958    
  0.430270642      0.245309621    
  0.438057870      0.258949578    
  0.445412874      0.272827417    
  0.452328354      0.286929429    
  0.458797485      0.301241696    
  0.464813918      0.315750062    
  0.470371634      0.330440223    
  0.475465238      0.345297694    
  0.480089694      0.360307872    
  0.484240383      0.375455827    
  0.487913251      0.390726715    
  0.491104692      0.406105429    
  0.493811518      0.421576828    
  0.496031076      0.437125593    
  0.497761130      0.452736378    
  0.499000013      0.468393773    
  0.499746591      0.484082401    
  0.499999970      0.499786735    
  0.499759972      0.515491307    
  0.499026835      0.531180561    
  0.497801274      0.546838999    
  0.496084481      0.562451303    
  0.493878245      0.578001976    
  0.491184592      0.593475521    
  0.488006324      0.608857036    
  0.484346420      0.624131024    
  0.480208665      0.639282584    
  0.475597024      0.654296637    
  0.470516086      0.669158459    
  0.464970887      0.683853447    
  0.458966851      0.698366940    
  0.452509910      0.712684631    
  0.445606500      0.726792574    
  0.438263327      0.740676641    
  0.430487752      0.754323304    
  0.422287315      0.767718971    
  0.413670212      0.780850410    
  0.404644936      0.793704748    
  0.395220339      0.806269228    
  0.385405779      0.818531573    
  0.375210911      0.830479562    
  0.364645839      0.842101514    
  0.353720903      0.853385806    
  0.342446893      0.864321411    
  0.330835044      0.874897599    
  0.318896711      0.885103762    
  0.306643724      0.894929945    
  0.294088125      0.904366374    
  0.281242311      0.913403809    
  0.268119007      0.922033370    
  0.254731148      0.930246472    
  0.241091907      0.938035011    
  0.227214783      0.945391357    
  0.213113442      0.952308178    
  0.198801801      0.958778620    
  0.184294000      0.964796424    
  0.169604346      0.970355630    
  0.154747337      0.975450575    
  0.139737606      0.980076432    
  0.124590017      0.984228611    
  0.109319478      0.987902999    
   9.39410701E-02  0.991095781    
   7.84699544E-02  0.993804097    
   6.29214123E-02  0.996025085    
   4.73107845E-02  0.997756660    
   3.16534713E-02  0.998997092    
   1.59649216E-02  0.999745011    
   2.60619272E-04  0.999999881    
  -1.54439406E-02  0.999761462    
  -3.11332587E-02  0.999029756    
  -4.67918590E-02  0.997805715    
  -6.24042824E-02  0.996090412    
  -7.79551342E-02  0.993885577    
  -9.34290588E-02  0.991193473    
 -0.108810790      0.988016605    
 -0.124085151      0.984358191    
 -0.139237061      0.980221808    
 -0.154251590      0.975611687    
 -0.169113919      0.970532119    
 -0.183809355      0.964988291    
 -0.198323444      0.958985686    
 -0.212641791      0.952530086    
 -0.226750344      0.945627987    
 -0.240635142      0.938286126    
 -0.254282504      0.930511832    
 -0.267678916      0.922312737    
 -0.280811220      0.913696885    
 -0.293666393      0.904672742    
 -0.306231827      0.895249367    
 -0.318495065      0.885435998    
 -0.330444068      0.875242293    
 -0.342066944      0.864678204    
 -0.353352278      0.853754342    
 -0.364288986      0.842481494    
 -0.374866217      0.830870569    
 -0.385073513      0.818933129    
 -0.394900858      0.806681097    
 -0.404338539      0.794126451    
 -0.413377225      0.781281531    
 -0.422008008      0.768158972    
 -0.430222362      0.754771888    
 -0.438012213      0.741133392    
 -0.445369810      0.727256954    
 -0.452287972      0.713156283    
 -0.458759785      0.698845208    
 -0.464778960      0.684338033    
 -0.470339507      0.669648945    
 -0.475435942      0.654792368    
 -0.480063230      0.639783084    
 -0.484216779      0.624635935    
 -0.487892568      0.609365702    
 -0.491086900      0.593987525    
 -0.493796647      0.578516781    
 -0.496019125      0.562968433    
 -0.497752130      0.547357917    
 -0.498994082      0.531700730    
 -0.499743551      0.516012251    
 -0.499999881      0.500307977    
 -0.499762923      0.484603405    
 -0.499032736      0.468914032    
 -0.497810125      0.453255326    
 -0.496096343      0.437642694    
 -0.493892968      0.422091633    
 -0.491202295      0.406617463    
 -0.488026917      0.391235441    
 -0.484369993      0.375960737    
 -0.480235040      0.360808432    
 -0.475626260      0.345793426    
 -0.470548123      0.330930620    
 -0.465005696      0.316234678    
 -0.459004432      0.301720023    
 -0.452550203      0.287401080    
 -0.445649445      0.273291886    
 -0.438308924      0.259406388    
 -0.430535883      0.245758295    
 -0.422338039      0.232361078    
 -0.413723439      0.219227985    
 -0.404700577      0.206371933    
 -0.395278394      0.193805605    
 -0.385466129      0.181541443    
 -0.375273556      0.169591516    
 -0.364710629      0.157967612    
 -0.353787839      0.146681204    
 -0.342515945      0.135743439    
 -0.330906093      0.125165135    
 -0.318969637      0.114956677    
 -0.306718528      0.105128177    
 -0.294164717       9.56893191E-02
 -0.281320661       8.66494328E-02
 -0.268198967       7.80173987E-02
 -0.254812628       6.98017702E-02
 -0.241174892       6.20106459E-02
 -0.227299154       5.46517149E-02
 -0.213199109       4.77322303E-02
 -0.198888719       4.12590280E-02
 -0.184382066       3.52384970E-02
 -0.169693455       2.96765678E-02
 -0.154837400       2.45787371E-02
 -0.139828578       1.99500341E-02
 -0.124681756       1.57950241E-02
 -0.109411910       1.21178078E-02
  -9.40341055E-02   8.92201532E-03
  -7.85635039E-02   6.21079886E-03
  -6.30153939E-02   3.98683408E-03
  -4.74050865E-02   2.25231517E-03
  -3.17480043E-02   1.00895390E-03
  -1.60596017E-02   2.57977343E-04
  -3.55346943E-04   1.26271473E-07
   1.53492577E-02   2.35655243E-04
   3.10387164E-02   9.64331790E-04
   4.66975458E-02   2.18543690E-03
   6.23102970E-02   3.89776565E-03
   7.78615549E-02   6.09962782E-03
   9.33360010E-02   8.78885295E-03
  0.108718336       1.19627845E-02
  0.123993389       1.56182917E-02
  0.139146104       1.97517686E-02
  0.154161483       2.43591312E-02
  0.169024765       2.94358414E-02
  0.183721259       3.49768847E-02
  0.198236465       4.09767926E-02
  0.212556064       4.74296510E-02
  0.226665914       5.43290861E-02
  0.240552098       6.16682917E-02
  0.254200906       6.94400296E-02
  0.267598897       7.76366144E-02
  0.280732840       8.62499774E-02
  0.293589741       9.52716246E-02
  0.306156963      0.104692616    
  0.318422049      0.114503689    
  0.330372930      0.124695167    
  0.341997862      0.135256976    
  0.353285283      0.146178693    
  0.364224106      0.157449558    
  0.374803483      0.169058427    
  0.385013103      0.180993855    
  0.394842744      0.193244070    
  0.404282808      0.205797002    
  0.413323939      0.218640223    
  0.421957195      0.231761068    
  0.430174083      0.245146602    
  0.437966526      0.258783638    
  0.445326746      0.272658646    
  0.452247560      0.286758006    
  0.458722115      0.301067799    
  0.464744031      0.315573901    
  0.470307380      0.330262005    
  0.475406617      0.345117569    
  0.480036706      0.360125929    
  0.484193146      0.375272363    
  0.487871796      0.390541852    
  0.491069078      0.405919403    
  0.493781745      0.421389699    
  0.496007174      0.436937630    
  0.497743189      0.452547729    
  0.498988032      0.468204737    
  0.499740511      0.483893067    
  0.499999851      0.499597311    
  0.499765813      0.515301883    
  0.499038577      0.530991435    
  0.497818977      0.546650350    
  0.496108145      0.562263250    
  0.493907750      0.577814817    
  0.491219997      0.593289495    
  0.488047510      0.608672082    
  0.484393448      0.623947501    
  0.480261415      0.639100611    
  0.475655466      0.654116452    
  0.470580161      0.668980181    
  0.465040505      0.683677197    
  0.459041983      0.698193014    
  0.452590495      0.712513149    
  0.445692390      0.726623654    
  0.438354492      0.740510583    
  0.430584073      0.754160166    
  0.422388703      0.767558813    
  0.413776636      0.780693650    
  0.404756188      0.793551385    
  0.395336390      0.806119502    
  0.385526448      0.818385541    
  0.375336111      0.830337346    
  0.364775389      0.841963232    
  0.353854746      0.853251696    
  0.342584938      0.864191651    
  0.330977082      0.874772131    
  0.319042623      0.884982884    
  0.306793302      0.894813657    
  0.294241309      0.904254913    
  0.281398952      0.913297296    
  0.268278897      0.921931744    
  0.254894137      0.930149913    
  0.241257876      0.937943697    
  0.227383524      0.945305288    
  0.213284805      0.952227354    
  0.198975638      0.958703339    
  0.184470117      0.964726627    
  0.169782564      0.970291257    
  0.154927477      0.975391984    
  0.139919519      0.980023444    
  0.124773487      0.984181404    
  0.109504342      0.987861514    
   9.41271409E-02  0.991060197    
   7.86570609E-02  0.993774354    
   6.31093532E-02  0.996001184    
   4.74993847E-02  0.997738659    
   3.18425447E-02  0.998985052    
   1.61542799E-02  0.999738932    
   4.50074585E-04  0.999999762    
  -1.52545730E-02  0.999767184    
  -3.09441704E-02  0.999041557    
  -4.66032289E-02  0.997823358    
  -6.22163042E-02  0.996113956    
  -7.77679905E-02  0.993915081    
  -9.32429284E-02  0.991228819    
 -0.108625874      0.988057852    
 -0.123901613      0.984405160    
 -0.139055103      0.980274558    
 -0.154071376      0.975670040    
 -0.168935612      0.970596135    
 -0.183633149      0.965057909    
 -0.198149502      0.959060729    
 -0.212470308      0.952610552    
 -0.226581484      0.945713878    
 -0.240469053      0.938377261    
 -0.254119337      0.930608094    
 -0.267518848      0.922414064    
 -0.280654430      0.913803160    
 -0.293513030      0.904783964    
 -0.306082040      0.895365417    
 -0.318349004      0.885556579    
 -0.330301821      0.875367403    
 -0.341928720      0.864807785    
 -0.353218228      0.853888154    
 -0.364159197      0.842619479    
 -0.374740809      0.831012607    
 -0.384952664      0.819079101    
 -0.394784629      0.806830764    
 -0.404227078      0.794279635    
 -0.413270622      0.781438112    
 -0.421906352      0.768318832    
 -0.430125803      0.754934907    
 -0.437920779      0.741299331    
 -0.445283711      0.727425754    
 -0.452207148      0.713327646    
 -0.458684444      0.699019015    
 -0.464709073      0.684514165    
 -0.470275164      0.669827104    
 -0.475377232      0.654972494    
 -0.480010211      0.639964998    
 -0.484169543      0.624819338    
 -0.487851053      0.609550536    
 -0.491051227      0.594173610    
 -0.493766844      0.578703821    
 -0.495995224      0.563156366    
 -0.497734219      0.547546566    
 -0.498982012      0.531889796    
 -0.499737412      0.516201615    
 -0.499999732      0.500497460    
 -0.499768674      0.484792739    
 -0.499044478      0.469103098    
 -0.497827798      0.453443944    
 -0.496119916      0.437830657    
 -0.493922472      0.422278762    
 -0.491237640      0.406803548    
 -0.488068104      0.391420394    
 -0.484416962      0.376144320    
 -0.480287790      0.360990405    
 -0.475684643      0.345973670    
 -0.470612168      0.331108958    
 -0.465075314      0.316410869    
 -0.459079504      0.301893979    
 -0.452630728      0.287572563    
 -0.445735306      0.273460746    
 -0.438400060      0.259572476    
 -0.430632204      0.245921463    
 -0.422439426      0.232521147    
 -0.413829774      0.219384775    
 -0.404811829      0.206525296    
 -0.395394385      0.193955421    
 -0.385586798      0.181687519    
 -0.375398695      0.169733718    
 -0.364840209      0.158105835    
 -0.353921682      0.146815285    
 -0.342653930      0.135873258    
 -0.331048101      0.125290558    
 -0.319115549      0.115077578    
 -0.306868136      0.105244435    
 -0.294317901       9.58008245E-02
 -0.281477243       8.67560506E-02
 -0.268358827       7.81190544E-02
 -0.254975617       6.98983520E-02
 -0.241340846       6.21020682E-02
 -0.227467895       5.47378771E-02
 -0.213370487       4.78130467E-02
 -0.199062526       4.13344204E-02
 -0.184558138       3.53083909E-02
 -0.169871658       2.97409017E-02
 -0.155017540       2.46374421E-02
 -0.140010461       2.00030487E-02
 -0.124865219       1.58423018E-02
 -0.109596767       1.21593010E-02
  -9.42201689E-02   8.95768031E-03
  -7.87506029E-02   6.24060258E-03
  -6.32033274E-02   4.01074672E-03
  -4.75936830E-02   2.27031321E-03
  -3.19370776E-02   1.02101942E-03
  -1.62489563E-02   2.64098315E-04
  -5.44802228E-04   2.96809532E-07
   1.51598901E-02   2.29875106E-04
   3.08496244E-02   9.52606730E-04
   4.65089157E-02   2.16777856E-03
   6.21223114E-02   3.87419108E-03
   7.76744112E-02   6.07016170E-03
   9.31498632E-02   8.75352137E-03
  0.108533405       1.19216256E-02
  0.123809844       1.55713446E-02
  0.138964102       1.96990762E-02
  0.153981254       2.43007541E-02
  0.168846458       2.93718297E-02
  0.183545038       3.49073038E-02
  0.198062509       4.09017131E-02
  0.212384567       4.73491438E-02
  0.226497024       5.42432331E-02
  0.240385994       6.15771748E-02
  0.254037768       6.93437308E-02
  0.267438859       7.75352567E-02
  0.280576050       8.61436352E-02
  0.293436378       9.51604024E-02
  0.306007147      0.104576647    
  0.318275958      0.114383072    
  0.330230713      0.124570005    
  0.341859609      0.135127410    
  0.353151172      0.146044865    
  0.364094257      0.157311559    
  0.374678075      0.168916434    
  0.384892195      0.180848002    
  0.394726485      0.193094477    
  0.404171318      0.205643818    
  0.413217276      0.218483612    
  0.421855509      0.231601208    
  0.430077493      0.244983613    
  0.437875062      0.258617699    
  0.445240557      0.272489935    
  0.452166736      0.286586702    
  0.458646715      0.300894022    
  0.464674085      0.315397799    
  0.470242977      0.330083758    
  0.475347906      0.344937474    
  0.479983687      0.359944105    
  0.484145880      0.375088960    
  0.487830311      0.390357047    
  0.491033405      0.405733347    
  0.493751943      0.421202600    
  0.495983243      0.436749637    
  0.497725159      0.452359140    
  0.498975962      0.468015701    
  0.499734372      0.483703703    
  0.499999642      0.499407828    
  0.499771565      0.515112519    
  0.499050289      0.530802310    
  0.497836649      0.546461761    
  0.496131688      0.562075317    
  0.493937194      0.577627599    
  0.491255254      0.593103290    
  0.488088667      0.608487189    
  0.484440386      0.623763978    
  0.480314076      0.638918638    
  0.475713789      0.653936148    
  0.470644176      0.668801904    
  0.465110064      0.683500946    
  0.459117025      0.698019028    
  0.452670962      0.712341726    
  0.445778221      0.726454794    
  0.438445598      0.740344524    
  0.430680335      0.753996968    
  0.422490090      0.767398834    
  0.413882941      0.780536830    
  0.404867381      0.793397963    
  0.395452321      0.805969656    
  0.385647058      0.818239391    
  0.375461280      0.830195129    
  0.364904970      0.841825068    
  0.353988588      0.853117704    
  0.342722923      0.864061832    
  0.331119061      0.874646723    
  0.319188476      0.884862006    
  0.306942880      0.894697428    
  0.294394463      0.904143393    
  0.281555533      0.913190663    
  0.268438786      0.921830118    
  0.255057126      0.930053294    
  0.241423801      0.937852263    
  0.227552235      0.945219040    
  0.213456139      0.952146530    
  0.199149415      0.958627820    
  0.184646174      0.964656591    
  0.169960752      0.970226884    
  0.155107602      0.975333214    
  0.140101388      0.979970455    
  0.124956936      0.984133959    
  0.109689191      0.987819910    
   9.43131968E-02  0.991024435    
   7.88441449E-02  0.993744433    
   6.32972941E-02  0.995977283    
   4.76879813E-02  0.997720718    
   3.20316106E-02  0.998972893    
   1.63436346E-02  0.999732852    
   6.39529841E-04  0.999999642    
  -1.50652062E-02  0.999773026    
  -3.07550747E-02  0.999053240    
  -4.64145951E-02  0.997841001    
  -6.20283149E-02  0.996137559    
  -7.75808319E-02  0.993944526    
  -9.30567980E-02  0.991264045    
 -0.108440928      0.988098979    
 -0.123718061      0.984452128    
 -0.138873100      0.980327189    
 -0.153891116      0.975728333    
 -0.168757290      0.970660150    
 -0.183456928      0.965127468    
 -0.197975531      0.959135830    
 -0.212298796      0.952691078    
 -0.226412565      0.945799649    
 -0.240302920      0.938468337    
 -0.253956169      0.930704355    
 -0.267358810      0.922515392    
 -0.280497611      0.913909495    
 -0.293359637      0.904895186    
 -0.305932224      0.895481348    
 -0.318202883      0.885677159    
 -0.330159575      0.875492573    
 -0.341790497      0.864937365    
 -0.353084117      0.854022026    
 -0.364029348      0.842757463    
 -0.374615341      0.831154525    
 -0.384831697      0.819224894    
 -0.394668341      0.806980252    
 -0.404115528      0.794432759    
 -0.413163960      0.781594694    
 -0.421804667      0.768478692    
 -0.430029154      0.755097866    
 -0.437829286      0.741465211    
 -0.445197493      0.727594435    
 -0.452126324      0.713499010    
 -0.458608985      0.699192882    
 -0.464639127      0.684690237    
 -0.470210820      0.670005262    
 -0.475318462      0.655152619    
 -0.479957134      0.640146911    
 -0.484122187      0.625002861    
 -0.487809539      0.609735370    
 -0.491015494      0.594359696    
 -0.493737012      0.578890920    
 -0.495971292      0.563344300    
 -0.497716159      0.547735155    
 -0.498969853      0.532078862    
 -0.499731272      0.516390979    
 -0.499999523      0.500686884    
 -0.499774396      0.484982163    
 -0.499056160      0.469292223    
 -0.497845441      0.453632593    
 -0.496143401      0.438018650    
 -0.493951887      0.422465950    
 -0.491272897      0.406989723    
 -0.488109171      0.391605288    
 -0.484463841      0.376327842    
 -0.480340391      0.361172348    
 -0.475742996      0.346153975    
 -0.470676094      0.331287265    
 -0.465144813      0.316587120    
 -0.459154576      0.302067965    
 -0.452711195      0.287744105    
 -0.445821106      0.273629636    
 -0.438491136      0.259738624    
 -0.430728436      0.246084645    
 -0.422540754      0.232681245    
 -0.413936079      0.219541579    
 -0.404922962      0.206678703    
 -0.395510316      0.194105253    
 -0.385707349      0.181833640    
 -0.375523835      0.169875994    
 -0.364969701      0.158244073    
 -0.354055464      0.146949425    
 -0.342791885      0.136003122    
 -0.331190020      0.125416011    
 -0.319261372      0.115198523    
 -0.307017684      0.105360739    
 -0.294471025       9.59123597E-02
 -0.281633794       8.68627355E-02
 -0.268518686       7.82207772E-02
 -0.255138576       6.99949935E-02
 -0.241506726       6.21935390E-02
 -0.227636591       5.48240989E-02
 -0.213541791       4.78939265E-02
 -0.199236304       4.14098874E-02
 -0.184734210       3.53783555E-02
 -0.170049831       2.98052989E-02
 -0.155197650       2.46962123E-02
 -0.140192315       2.00561341E-02
 -0.125048667       1.58896502E-02
 -0.109781615       1.22008631E-02
  -9.44062248E-02   8.99341702E-03
  -7.89376944E-02   6.27047801E-03
  -6.33912608E-02   4.03473061E-03
  -4.77822758E-02   2.28838250E-03
  -3.21261436E-02   1.03315641E-03
  -1.64383110E-02   2.70291115E-04
  -7.34257395E-04   5.39134248E-07
   1.49705205E-02   2.24166739E-04
   3.06605268E-02   9.40953323E-04
   4.63202782E-02   2.15019146E-03
   6.19343221E-02   3.85068799E-03
   7.74872527E-02   6.04076451E-03
   9.29637179E-02   8.71826150E-03
  0.108348452       1.18805347E-02
  0.123626277       1.55244656E-02
  0.138782114       1.96464565E-02
  0.153800994       2.42424421E-02
  0.168668121       2.93078870E-02
  0.183368817       3.48377898E-02
  0.197888553       4.08267006E-02
  0.212213039       4.72686999E-02
  0.226328105       5.41574396E-02
  0.240219846       6.14861213E-02
  0.253874540       6.92474991E-02
  0.267278761       7.74339512E-02
  0.280419201       8.60373601E-02
  0.293282926       9.50492322E-02
  0.305857271      0.104460716    
  0.318129808      0.114262491    
  0.330088437      0.124444909    
  0.341721356      0.134997904    
  0.353017032      0.145911068    
  0.363964409      0.157173634    
  0.374552608      0.168774500    
  0.384771228      0.180702180    
  0.394610196      0.192944959    
  0.404059738      0.205490693    
  0.413110584      0.218327060    
  0.421753794      0.231441379    
  0.429980844      0.244820669    
  0.437783599      0.258451790    
  0.445154339      0.272321254    
  0.452085823      0.286415368    
  0.458571255      0.300720245    
  0.464604139      0.315221757    
  0.470178604      0.329905659    
  0.475289077      0.344757348    
  0.479930609      0.359762251    
  0.484098524      0.374905497    
  0.487788737      0.390172213    
  0.490997612      0.405547261    
  0.493722051      0.421015561    
  0.495959282      0.436561763    
  0.497707069      0.452170581    
  0.498963773      0.467826575    
  0.499728143      0.483514339    
  0.499999374      0.499218374    
  0.499777228      0.514923155    
  0.499061972      0.530613244    
  0.497854173      0.546273112    
  0.496155173      0.561887264    
  0.493966579      0.577440441    
  0.491290540      0.592917204    
  0.488129735      0.608302236    
  0.484487236      0.623580396    
  0.480366707      0.638736665    
  0.475772142      0.653755903    
  0.470708072      0.668623507    
  0.465179592      0.683324754    
  0.459192008      0.697845042    
  0.452751398      0.712170184    
  0.445863992      0.726285815    
  0.438536644      0.740178347    
  0.430776536      0.753833771    
  0.422591388      0.767238796    
  0.413989216      0.780380011    
  0.404978514      0.793244541    
  0.395568252      0.805819809    
  0.385767639      0.818093300    
  0.375586361      0.830052853    
  0.365034461      0.841686726    
  0.354122370      0.852983475    
  0.342860848      0.863931894    
  0.331260979      0.874521315    
  0.319334269      0.884741008    
  0.307092428      0.894581079    
  0.294547558      0.904031873    
  0.281712085      0.913083911    
  0.268598586      0.921728373    
  0.255220026      0.929956615    
  0.241589695      0.937760711    
  0.227720931      0.945132792    
  0.213627443      0.952065527    
  0.199323192      0.958552420    
  0.184822217      0.964586556    
  0.170138910      0.970162451    
  0.155287683      0.975274324    
  0.140283242      0.979917347    
  0.125140369      0.984086692    
  0.109874025      0.987778306    
   9.44992527E-02  0.990988731    
   7.90312290E-02  0.993714571    
   6.34852201E-02  0.995953262    
   4.78765704E-02  0.997702599    
   3.22206728E-02  0.998960793    
   1.65329874E-02  0.999726534    
   8.28984950E-04  0.999999285    
  -1.48758348E-02  0.999778628    
  -3.05659771E-02  0.999064922    
  -4.62259576E-02  0.997858584    
  -6.18403219E-02  0.996160984    
  -7.73936659E-02  0.993973911    
  -9.28706378E-02  0.991299331    
 -0.108255975      0.988139927    
 -0.123534493      0.984498978    
 -0.138691112      0.980379879    
 -0.153710857      0.975786626    
 -0.168578938      0.970723987    
 -0.183280677      0.965196908    
 -0.197801560      0.959210753    
 -0.212127253      0.952771485    
 -0.226243630      0.945885479    
 -0.240136757      0.938559353    
 -0.253792942      0.930800617    
 -0.267198682      0.922616720    
 -0.280340761      0.914015710    
 -0.293206215      0.905006349    
 -0.305782348      0.895597219    
 -0.318056732      0.885797799    
 -0.330017269      0.875617564    
 -0.341652185      0.865066886    
 -0.352949947      0.854155779    
 -0.363899440      0.842895329    
 -0.374489874      0.831296444    
 -0.384710759      0.819370747    
 -0.394552022      0.807129860    
 -0.404003948      0.794585824    
 -0.413057238      0.781751215    
 -0.421702892      0.768638492    
 -0.429932475      0.755260766    
 -0.437737793      0.741631091    
 -0.445111185      0.727763057    
 -0.452045351      0.713670313    
 -0.458533466      0.699366629    
 -0.464569122      0.684866250    
 -0.470146358      0.670183420    
 -0.475259632      0.655332685    
 -0.479903996      0.640328705    
 -0.484074801      0.625186265    
 -0.487767965      0.609920263    
 -0.490979731      0.594545722    
 -0.493707031      0.579077959    
 -0.495947242      0.563532233    
 -0.497698039      0.547923744    
 -0.498957694      0.532267928    
 -0.499725014      0.516580343    
 -0.499999225      0.500876367    
 -0.499780118      0.485171527    
 -0.499067724      0.469481289    
 -0.497862965      0.453821212    
 -0.496166885      0.438206673    
 -0.493981212      0.422653109    
 -0.491308123      0.407175899    
 -0.488150209      0.391790241    
 -0.484510660      0.376511425    
 -0.480392963      0.361354411    
 -0.475801259      0.346334249    
 -0.470740020      0.331465691    
 -0.465214342      0.316763431    
 -0.459229529      0.302241951    
 -0.452791572      0.287915617    
 -0.445906848      0.273798585    
 -0.438582093      0.259904742    
 -0.430824608      0.246247858    
 -0.422641993      0.232841358    
 -0.414042324      0.219698459    
 -0.405034095      0.206832156    
 -0.395626158      0.194255129    
 -0.385827899      0.181979805    
 -0.375648886      0.170018286    
 -0.365099221      0.158382416    
 -0.354189247      0.147083595    
 -0.342929780      0.136133045    
 -0.331331939      0.125541538    
 -0.319407135      0.115319513    
 -0.307167202      0.105477102    
 -0.294624120       9.60239843E-02
 -0.281790316       8.69694725E-02
 -0.268678486       7.83225447E-02
 -0.255301505       7.00917095E-02
 -0.241672620       6.22850880E-02
 -0.227805242       5.49103804E-02
 -0.213713095       4.79748771E-02
 -0.199410051       4.14854065E-02
 -0.184910238       3.54483873E-02
 -0.170227975       2.98697669E-02
 -0.155377731       2.47550514E-02
 -0.140374169       2.01092903E-02
 -0.125232086       1.59370638E-02
 -0.109966427       1.22424951E-02
  -9.45922732E-02   9.02922451E-03
  -7.91247636E-02   6.30042376E-03
  -6.35791793E-02   4.05878620E-03
  -4.79708575E-02   2.30652350E-03
  -3.23152058E-02   1.04536512E-03
  -1.66276619E-02   2.76555656E-04
