   0.00000000       0.00000000    
  0.250635535       3.93729797E-03
  0.497134358       1.56230787E-02
  0.735431790       3.46820876E-02
  0.961606145       6.04991317E-02
   1.17194653       9.22342017E-02
   1.36301816      0.128843144    
   1.53172016      0.169103473    
   1.67534029      0.211644694    
   1.79160058      0.254982531    
   1.87869501      0.297556102    
   1.93532073      0.337767571    
   1.96069777      0.374023169    
   1.95458102      0.404774368    
   1.91726100      0.428558707    
   1.84955716      0.444039494    
   1.75280023      0.450042665    
   1.62880504      0.445590734    
   1.47983742      0.429932594    
   1.30857003      0.402568787    
   1.11803317      0.363271087    
  0.911559165      0.312096536    
  0.692721426      0.249395132    
  0.465269655      0.175810784    
  0.233062387       9.22759548E-02
  -1.48315644E-06  -6.14343662E-07
 -0.230051860      -9.95523557E-02
 -0.453315139     -0.204679698    
 -0.666179657     -0.313480467    
 -0.865257740     -0.423885524    
  -1.04744256     -0.533698797    
  -1.20995975     -0.640640914    
  -1.35041296     -0.742396116    
  -1.46682072     -0.836660087    
  -1.55764616     -0.921189666    
  -1.62181842     -0.993852019    
  -1.65874529      -1.05267215    
  -1.66831613      -1.09587932    
  -1.65089667      -1.12194872    
  -1.60731542      -1.12964070    
  -1.53884077      -1.11803377    
  -1.44715130      -1.08655238    
  -1.33429825      -1.03498828    
  -1.20266199     -0.963514388    
  -1.05490303     -0.872692108    
 -0.893908381     -0.763470232    
 -0.722734928     -0.637176871    
 -0.544549942     -0.495502561    
 -0.362571359     -0.340477347    
 -0.180007249     -0.174439251    
   2.94466645E-06   2.94466804E-06
  0.174444899      0.180013269    
  0.340482682      0.362577438    
  0.495507509      0.544555962    
  0.637181282      0.722740710    
  0.763474166      0.893913925    
  0.872695386       1.05490816    
  0.963517070       1.20266664    
   1.03499031       1.33430231    
   1.08655381       1.44715464    
   1.11803448       1.53884339    
   1.12964070       1.60731733    
   1.12194812       1.65089774    
   1.09587812       1.66831625    
   1.05267072       1.65874469    
  0.993850052       1.62181699    
  0.921187341       1.55764389    
  0.836657405       1.46681762    
  0.742393196       1.35040915    
  0.640637875       1.20995522    
  0.533695579       1.04743731    
  0.423882276      0.865252078    
  0.313477218      0.666173577    
  0.204676539      0.453308702    
   9.95493382E-02  0.230045184    
  -2.20798393E-06  -5.33055027E-06
  -9.22785401E-02 -0.233069226    
 -0.175813109     -0.465276420    
 -0.249397144     -0.692728043    
 -0.312098235     -0.911565483    
 -0.363272399      -1.11803901    
 -0.402569741      -1.30857539    
 -0.429933250      -1.47984219    
 -0.445591033      -1.62880921    
 -0.450042665      -1.75280344    
 -0.444039166      -1.84955966    
 -0.428558111      -1.91726267    
 -0.404773504      -1.95458174    
 -0.374022156      -1.96069753    
 -0.337766439      -1.93531942    
 -0.297554821      -1.87869287    
 -0.254981220      -1.79159737    
 -0.211643413      -1.67533636    
 -0.169102207      -1.53171539    
 -0.128841966      -1.36301255    
  -9.22331288E-02  -1.17194033    
  -6.04982153E-02 -0.961599171    
  -3.46813612E-02 -0.735424340    
  -1.56225767E-02 -0.497126520    
  -3.93704092E-03 -0.250627369    
  -4.33553280E-12   8.32877686E-06
  -3.93756153E-03  0.250643909    
  -1.56236021E-02  0.497142583    
  -3.46828550E-02  0.735439777    
  -6.05001301E-02  0.961613655    
  -9.22354087E-02   1.17195368    
 -0.128844514       1.36302447    
 -0.169104964       1.53172576    
 -0.211646274       1.67534494    
 -0.254984081       1.79160404    
 -0.297557592       1.87869751    
 -0.337768972       1.93532217    
 -0.374024421       1.96069825    
 -0.404775351       1.95458031    
 -0.428559422       1.91725910    
 -0.444039881       1.84955430    
 -0.450042695       1.75279605    
 -0.445590407       1.62880003    
 -0.429931849       1.47983158    
 -0.402567565       1.30856335    
 -0.363269389       1.11802578    
 -0.312094450      0.911551297    
 -0.249392599      0.692713201    
 -0.175807908      0.465261161    
  -9.22726989E-02  0.233053789    
   4.16659077E-06  -1.00590205E-05
   9.95561481E-02 -0.230060250    
  0.204683647     -0.453323215    
  0.313483685     -0.666185737    
  0.423888773     -0.865263283    
  0.533701956      -1.04744756    
  0.640643954      -1.20996416    
  0.742398977      -1.35041678    
  0.836662650      -1.46682370    
  0.921191990      -1.55764842    
  0.993853986      -1.62182009    
   1.05267370      -1.65874600    
   1.09588027      -1.66831601    
   1.12194920      -1.65089583    
   1.12964058      -1.60731375    
   1.11803305      -1.53883839    
   1.08655119      -1.44714832    
   1.03498650      -1.33429468    
  0.963512003      -1.20265782    
  0.872689188      -1.05489850    
  0.763466775     -0.893903494    
  0.637172878     -0.722729802    
  0.495498210     -0.544544697    
  0.340472609     -0.362565994    
  0.174434230     -0.180001915    
  -8.15965814E-06   8.15964631E-06
 -0.180018604      0.174449906    
 -0.362582803      0.340487421    
 -0.544561267      0.495511860    
 -0.722745895      0.637185276    
 -0.893918812      0.763477683    
  -1.05491269      0.872698307    
  -1.20267081      0.963519454    
  -1.33430588       1.03499222    
  -1.44715762       1.08655488    
  -1.53884578       1.11803496    
  -1.60731888       1.12964070    
  -1.65089858       1.12194765    
  -1.66831636       1.09587705    
  -1.65874386       1.05266893    
  -1.62181532      0.993847966    
  -1.55764127      0.921184778    
  -1.46681416      0.836654425    
  -1.35040498      0.742389917    
  -1.20995021      0.640634358    
  -1.04743159      0.533691943    
 -0.865245759      0.423878610    
 -0.666166782      0.313473582    
 -0.453301460      0.204672977    
 -0.230037645       9.95459408E-02
   1.30253411E-05  -5.39525945E-06
  0.233076975      -9.22814682E-02
  0.465284079     -0.175815731    
  0.692735434     -0.249399409    
  0.911572456     -0.312100083    
   1.11804545     -0.363273889    
   1.30858135     -0.402570873    
   1.47984743     -0.429933935    
   1.62881362     -0.445591360    
   1.75280714     -0.450042635    
   1.84956253     -0.444038838    
   1.91726434     -0.428557456    
   1.95458245     -0.404772609    
   1.96069729     -0.374021053    
   1.93531811     -0.337765127    
   1.87869036     -0.297553420    
   1.79159403     -0.254979789    
   1.67533219     -0.211641982    
   1.53171015     -0.169100836    
   1.36300671     -0.128840685    
   1.17193377      -9.22319964E-02
  0.961591959      -6.04972579E-02
  0.735416591      -3.46806161E-02
  0.497118443      -1.56220654E-02
  0.250619143      -3.93678015E-03
  -1.66575537E-05  -1.73421312E-11
 -0.250652164      -3.93782137E-03
 -0.497150660      -1.56241134E-02
 -0.735447466      -3.46836038E-02
 -0.961620986      -6.05010949E-02
  -1.17196035      -9.22365487E-02
  -1.36303043     -0.128845796    
  -1.53173101     -0.169106364    
  -1.67534935     -0.211647719    
  -1.79160750     -0.254985541    
  -1.87869990     -0.297558933    
  -1.93532360     -0.337770253    
  -1.96069849     -0.374025524    
  -1.95457959     -0.404776275    
  -1.91725743     -0.428560078    
  -1.84955156     -0.444040239    
  -1.75279248     -0.450042754    
  -1.62879550     -0.445590049    
  -1.47982609     -0.429931074    
  -1.30855727     -0.402566433    
  -1.11801922     -0.363267899    
 -0.911544204     -0.312092543    
 -0.692705750     -0.249390349    
 -0.465253532     -0.175805286    
 -0.233046055      -9.22697857E-02
   1.77538004E-05   7.35388949E-06
  0.230067790       9.95595455E-02
  0.453330457      0.204687208    
  0.666194141      0.313488156    
  0.865271091      0.423893243    
   1.04745460      0.533706367    
   1.20997036      0.640648246    
   1.35042202      0.742403030    
   1.46682799      0.836666346    
   1.55765152      0.921195209    
   1.62182200      0.993856609    
   1.65874696       1.05267584    
   1.66831589       1.09588170    
   1.65089452       1.12194979    
   1.60731149       1.12964046    
   1.53883517       1.11803222    
   1.44714403       1.08654940    
   1.33428967       1.03498387    
   1.20265222      0.963508606    
   1.05489218      0.872685015    
  0.893896759      0.763462007    
  0.722722650      0.637167454    
  0.544537246      0.495492131    
  0.362558573      0.340466082    
  0.179994494      0.174427286    
  -1.53976653E-05  -1.53977071E-05
 -0.174456865     -0.180026010    
 -0.340493947     -0.362590224    
 -0.495517939     -0.544568598    
 -0.637190700     -0.722752988    
 -0.763480663     -0.893923163    
 -0.872700870      -1.05491674    
 -0.963521540      -1.20267439    
  -1.03499365      -1.33430898    
  -1.08655608      -1.44716024    
  -1.11803567      -1.53884792    
  -1.12964082      -1.60732031    
  -1.12194717      -1.65089941    
  -1.09587622      -1.66831648    
  -1.05266774      -1.65874338    
 -0.993846238      -1.62181401    
 -0.921182752      -1.55763924    
 -0.836652100      -1.46681154    
 -0.742387414      -1.35040164    
 -0.640631676      -1.20994639    
 -0.533689141      -1.04742718    
 -0.423875779     -0.865240872    
 -0.313470781     -0.666161478    
 -0.204670250     -0.453295887    
  -9.95433182E-02 -0.230031833    
   7.85262000E-06   1.89579732E-05
   9.22837108E-02  0.233082920    
  0.175817728      0.465289921    
  0.249401137      0.692741156    
  0.312101543      0.911578000    
  0.363275051       1.11805058    
  0.402571738       1.30858588    
  0.429934502       1.47985160    
  0.445591599       1.62881720    
  0.450042576       1.75280988    
  0.444038510       1.84956443    
  0.428556949       1.91726565    
  0.404771894       1.95458293    
  0.374020159       1.96069705    
  0.337764174       1.93531716    
  0.297552377       1.87868845    
  0.254978687       1.79159141    
  0.211640865       1.67532885    
  0.169099778       1.53170621    
  0.128839687       1.36300194    
   9.22311172E-02   1.17192852    
   6.04965165E-02  0.961586356    
   3.46800387E-02  0.735410631    
   1.56216696E-02  0.497112215    
   3.93657992E-03  0.250612766    
   3.32899611E-11  -2.30789810E-05
   3.93802254E-03 -0.250658542    
   1.56245092E-02 -0.497156888    
   3.46841812E-02 -0.735453427    
   6.05018325E-02 -0.961626530    
   9.22374204E-02  -1.17196548    
  0.128846794      -1.36303520    
  0.169107407      -1.53173494    
  0.211648792      -1.67535269    
  0.254986614      -1.79161012    
  0.297560036      -1.87870181    
  0.337771237      -1.93532467    
  0.374026388      -1.96069884    
  0.404776931      -1.95457888    
  0.428560585      -1.91725612    
  0.444040567      -1.84954941    
  0.450042784      -1.75278962    
  0.445589811      -1.62879193    
  0.429930538      -1.47982204    
  0.402565598      -1.30855262    
  0.363266766      -1.11801410    
  0.312091082     -0.911538780    
  0.249388590     -0.692700088    
  0.175803274     -0.465247601    
   9.22675282E-02 -0.233040094    
  -9.81128142E-06   2.36864198E-05
  -9.95621681E-02  0.230073586    
 -0.204689950      0.453336030    
 -0.313490987      0.666199386    
 -0.423896074      0.865275979    
 -0.533709168       1.04745901    
 -0.640650928       1.20997429    
 -0.742405474       1.35042524    
 -0.836668611       1.46683061    
 -0.921197295       1.55765355    
 -0.993858337       1.62182343    
  -1.05267715       1.65874755    
  -1.09588265       1.66831565    
  -1.12195039       1.65089381    
  -1.12964058       1.60731006    
  -1.11803162       1.53883302    
  -1.08654845       1.44714141    
  -1.03498244       1.33428657    
 -0.963506639       1.20264864    
 -0.872682452       1.05488825    
 -0.763458908      0.893892407    
 -0.637163997      0.722718120    
 -0.495488346      0.544532657    
 -0.340461969      0.362553895    
 -0.174422920      0.179989874    
   1.99383558E-05  -1.99382848E-05
  0.180030659     -0.174461216    
  0.362594932     -0.340498090    
  0.544573247     -0.495521724    
  0.722757459     -0.637194157    
  0.893929899     -0.763485432    
   1.05492294     -0.872705042    
   1.20267999     -0.963524818    
   1.33431399      -1.03499615    
   1.44716454      -1.08655775    
   1.53885114      -1.11803639    
   1.60732257      -1.12964082    
   1.65090060      -1.12194645    
   1.66831660      -1.09587479    
   1.65874243      -1.05266571    
   1.62181199     -0.993843555    
   1.55763614     -0.921179533    
   1.46680725     -0.836648464    
   1.35039639     -0.742383420    
   1.20994020     -0.640627384    
   1.04742014     -0.533684790    
  0.865233123     -0.423871309    
  0.666153073     -0.313466311    
  0.453286976     -0.204665869    
  0.230022565      -9.95391384E-02
  -2.84149319E-05   1.17697864E-05
 -0.233092427       9.22873020E-02
 -0.465299338      0.175820932    
 -0.692750275      0.249403924    
 -0.911586642      0.312103868    
  -1.11805868      0.363276869    
  -1.30859327      0.402573049    
  -1.47985804      0.429935366    
  -1.62882280      0.445591986    
  -1.75281441      0.450042546    
  -1.84956789      0.444038093    
  -1.91726780      0.428556144    
  -1.95458376      0.404770792    
  -1.96069670      0.374018818    
  -1.93531549      0.337762624    
  -1.87868559      0.297550678    
  -1.79158723      0.254976928    
  -1.67532349      0.211639121    
  -1.53169990      0.169098079    
  -1.36299467      0.128838122    
  -1.17192042       9.22297165E-02
 -0.961577415       6.04953356E-02
 -0.735401154       3.46791185E-02
 -0.497102350       1.56210400E-02
 -0.250602603       3.93625954E-03
   3.33151074E-05   6.93685248E-11
  0.250668675       3.93834198E-03
  0.497166753       1.56251378E-02
  0.735462964       3.46851014E-02
  0.961635470       6.05030097E-02
   1.17197371       9.22388211E-02
   1.36304247      0.128848359    
   1.53174138      0.169109121    
   1.67535794      0.211650565    
   1.79161429      0.254988372    
   1.87870479      0.297561705    
   1.93532634      0.337772816    
   1.96069920      0.374027729    
   1.95457804      0.404778063    
   1.91725385      0.428561389    
   1.84954607      0.444040954    
   1.75278509      0.450042814    
   1.62878633      0.445589364    
   1.47981548      0.429929674    
   1.30854523      0.402564228    
   1.11800599      0.363264889    
  0.911530077      0.312088758    
  0.692690909      0.249385819    
  0.465238243      0.175800070    
  0.233030573       9.22639370E-02
  -3.31433512E-05  -1.37285133E-05
 -0.230082855      -9.95663553E-02
 -0.453344941     -0.204694331    
 -0.666207850     -0.313495457    
 -0.865283728     -0.423900545    
  -1.04746604     -0.533713579    
  -1.20998049     -0.640655220    
  -1.35043061     -0.742409527    
  -1.46683478     -0.836672306    
  -1.55765665     -0.921200454    
  -1.62182534     -0.993860960    
  -1.65874851      -1.05267930    
  -1.66831565      -1.09588408    
  -1.65089250      -1.12195098    
  -1.60730779      -1.12964034    
  -1.53882980      -1.11803079    
  -1.44713736      -1.08654666    
  -1.33428156      -1.03497982    
  -1.20264292     -0.963503242    
  -1.05488193     -0.872678399    
 -0.893885672     -0.763454139    
 -0.722711027     -0.637158513    
 -0.544525385     -0.495482326    
 -0.362546444     -0.340455413    
 -0.179982454     -0.174415961    
   2.71762892E-05   2.71764202E-05
  0.174468175      0.180038065    
  0.340504646      0.362602383    
  0.495527804      0.544580579    
  0.637199581      0.722764611    
  0.763490200      0.893936634    
  0.872708976       1.05492926    
  0.963528097       1.20268571    
   1.03499877       1.33431900    
   1.08655941       1.44716871    
   1.11803746       1.53885436    
   1.12964094       1.60732496    
   1.12194586       1.65090191    
   1.09587348       1.66831684    
   1.05266356       1.65874135    
  0.993840873       1.62180996    
  0.921176374       1.55763292    
  0.836644828       1.46680295    
  0.742379427       1.35039127    
  0.640623152       1.20993412    
  0.533680320       1.04741311    
  0.423866779      0.865225255    
  0.313461840      0.666144669    
  0.204661503      0.453278065    
   9.95349586E-02  0.230013341    
  -1.56869392E-05  -3.78718942E-05
  -9.22908932E-02 -0.233101934    
 -0.175824150     -0.465308726    
 -0.249406695     -0.692759395    
 -0.312106222     -0.911595345    
 -0.363278747      -1.11806691    
 -0.402574420      -1.30860078    
 -0.429936230      -1.47986472    
 -0.445592433      -1.62882829    
 -0.450042546      -1.75281906    
 -0.444037676      -1.84957135    
 -0.428555340      -1.91727006    
 -0.404769659      -1.95458472    
 -0.374017447      -1.96069634    
 -0.337761015      -1.93531382    
 -0.297548980      -1.87868273    
 -0.254975170      -1.79158318    
 -0.211637348      -1.67531812    
 -0.169096380      -1.53169346    
 -0.128836542      -1.36298728    
  -9.22283158E-02  -1.17191219    
  -6.04941659E-02 -0.961568534    
  -3.46782021E-02 -0.735391736    
  -1.56204114E-02 -0.497092426    
  -3.93594056E-03 -0.250592470    
  -1.18544369E-10   4.35512338E-05
  -3.93866189E-03  0.250678837    
  -1.56257674E-02  0.497176677    
  -3.46860178E-02  0.735472381    
  -6.05041869E-02  0.961644351    
  -9.22402218E-02   1.17198193    
 -0.128849939       1.36304986    
 -0.169110820       1.53174782    
 -0.211652324       1.67536330    
 -0.254990131       1.79161847    
 -0.297562152       1.87870550    
 -0.337773204       1.93532670    
 -0.374028116       1.96069932    
 -0.404778361       1.95457780    
 -0.428561598       1.91725338    
 -0.444041103       1.84954524    
 -0.450042814       1.75278401    
 -0.445589274       1.62878513    
 -0.429929435       1.47981393    
 -0.402563870       1.30854332    
 -0.363264382       1.11800385    
 -0.312088192      0.911527872    
 -0.249385133      0.692688644    
 -0.175799251      0.465235829    
  -9.22630206E-02  0.233028159    
   1.47260771E-05  -3.55516531E-05
   9.95674133E-02 -0.230085194    
  0.204695433     -0.453347206    
  0.313496590     -0.666209996    
  0.423901737     -0.865285754    
  0.533714712      -1.04746783    
  0.640656352      -1.20998204    
  0.742410541      -1.35043192    
  0.836673260      -1.46683598    
  0.921201229      -1.55765760    
  0.993861735      -1.62182593    
   1.05267978      -1.65874887    
   1.09588444      -1.66831553    
   1.12195122      -1.65089214    
   1.12964046      -1.60730708    
   1.11803055      -1.53882897    
   1.08654630      -1.44713628    
   1.03497922      -1.33428013    
  0.963502407      -1.20264137    
  0.872677386      -1.05488026    
  0.763452947     -0.893884003    
  0.637157142     -0.722709179    
  0.495480776     -0.544523478    
  0.340453744     -0.362544566    
  0.174414188     -0.179980561    
  -2.90196676E-05   2.90195185E-05
 -0.180039957      0.174469948    
 -0.362604260      0.340506285    
 -0.544582427      0.495529294    
 -0.722766399      0.637200952    
 -0.893938303      0.763491452    
  -1.05493081      0.872710049    
  -1.20268714      0.963528991    
  -1.33432031       1.03499925    
  -1.44716978       1.08655989    
  -1.53885531       1.11803758    
  -1.60732555       1.12964094    
  -1.65090215       1.12194562    
  -1.66831684       1.09587300    
  -1.65874124       1.05266297    
  -1.62180948      0.993840098    
  -1.55763209      0.921175420    
  -1.46680212      0.836643934    
  -1.35038984      0.742378414    
  -1.20993245      0.640622079    
  -1.04741132      0.533679187    
 -0.865223348      0.423865646    
 -0.666142523      0.313460678    
 -0.453275770      0.204660386    
 -0.230010986       9.95338932E-02
   4.02802070E-05  -1.66844784E-05
  0.233104363      -9.22918096E-02
  0.465311110     -0.175824955    
  0.692761660     -0.249407411    
  0.911597550     -0.312106818    
   1.11806893     -0.363279194    
   1.30860257     -0.402574748    
   1.47986639     -0.429936469    
   1.62882972     -0.445592523    
   1.75282013     -0.450042516    
   1.84957206     -0.444037527    
   1.91727066     -0.428555131    
   1.95458496     -0.404769391    
   1.96069610     -0.374017090    
   1.93531334     -0.337760657    
   1.87868202     -0.297548562    
   1.79158199     -0.254974723    
   1.67531681     -0.211636901    
   1.53169179     -0.169095948    
   1.36298549     -0.128836140    
   1.17191005      -9.22279581E-02
  0.961566210      -6.04938604E-02
  0.735389292      -3.46779674E-02
  0.497089893      -1.56202503E-02
  0.250589877      -3.93585907E-03
  -4.61579621E-05  -1.33159844E-10
 -0.250681430      -3.93874338E-03
 -0.497179210      -1.56259276E-02
 -0.735474825      -3.46862525E-02
 -0.961646676      -6.05044924E-02
  -1.17198408      -9.22405794E-02
  -1.36305177     -0.128850341    
  -1.53174937     -0.169111252    
  -1.67536461     -0.211652756    
  -1.79161954     -0.254990578    
  -1.87870836     -0.297563881    
  -1.93532836     -0.337774783    
  -1.96069968     -0.374029487    
  -1.95457697     -0.404779464    
  -1.91725123     -0.428562433    
  -1.84954190     -0.444041550    
  -1.75277936     -0.450042844    
  -1.62877953     -0.445588887    
  -1.47980738     -0.429928571    
  -1.30853605     -0.402562559    
  -1.11799586     -0.363262594    
 -0.911519229     -0.312085867    
 -0.692679524     -0.249382332    
 -0.465226471     -0.175796047    
 -0.233018667      -9.22594368E-02
   4.50085790E-05   1.86433244E-05
  0.230094448       9.95715931E-02
  0.453356147      0.204699799    
  0.666218400      0.313501060    
  0.865293503      0.423906207    
   1.04747474      0.533719122    
   1.20998824      0.640660584    
   1.35043705      0.742414534    
   1.46684027      0.836676896    
   1.55766058      0.921204507    
   1.62182808      0.993864477    
   1.65874970       1.05268180    
   1.66831541       1.09588575    
   1.65089095       1.12195194    
   1.60730481       1.12964034    
   1.53882563       1.11802971    
   1.44713211       1.08654463    
   1.33427525       1.03497672    
   1.20263577      0.963499129    
   1.05487394      0.872673333    
  0.893877208      0.763448179    
  0.722702026      0.637151659    
  0.544516087      0.495474696    
  0.362537086      0.340447187    
  0.179973155      0.174407244    
  -3.62575083E-05  -3.62577412E-05
 -0.174476892     -0.180047348    
 -0.340512842     -0.362611681    
 -0.495535374     -0.544589818    
 -0.637206435     -0.722773552    
 -0.763496339     -0.893945158    
 -0.872714162      -1.05493724    
 -0.963532329      -1.20269299    
  -1.03500187      -1.33432531    
  -1.08656156      -1.44717395    
  -1.11803842      -1.53885841    
  -1.12964106      -1.60732782    
  -1.12194490      -1.65090346    
  -1.09587157      -1.66831696    
  -1.05266094      -1.65874028    
 -0.993837476      -1.62180734    
 -0.921172261      -1.55762899    
 -0.836640298      -1.46679783    
 -0.742374361      -1.35038459    
 -0.640617788      -1.20992625    
 -0.533674777      -1.04740429    
 -0.423861116     -0.865215480    
 -0.313456208     -0.666134119    
 -0.204656020     -0.453266919    
  -9.95297059E-02 -0.230001718    
   2.06016175E-05   4.97371766E-05
   9.22953859E-02  0.233113840    
  0.175828174      0.465320498    
  0.249410212      0.692770839    
  0.312109113      0.911606193    
  0.363281041       1.11807704    
  0.402576149       1.30861008    
  0.429937333       1.47987294    
  0.445592970       1.62883532    
  0.450042456       1.75282454    
  0.444037080       1.84957552    
  0.428554326       1.91727281    
  0.404768258       1.95458579    
  0.374015719       1.96069574    
  0.337759048       1.93531156    
  0.297546864       1.87867904    
  0.254972965       1.79157794    
  0.211635157       1.67531145    
  0.169094250       1.53168547    
  0.128834575       1.36297822    
   9.22265574E-02   1.17190182    
   6.04926832E-02  0.961557388    
   3.46770473E-02  0.735379815    
   1.56196207E-02  0.497079998    
   3.93553870E-03  0.250579715    
   1.98768321E-10  -5.63940885E-05
   3.93906329E-03 -0.250691593    
   1.56265572E-02 -0.497189075    
   3.46871726E-02 -0.735484302    
   6.05056621E-02 -0.961655557    
   9.22419727E-02  -1.17199218    
  0.128851905      -1.36305892    
  0.169112936      -1.53175569    
  0.211654529      -1.67536998    
  0.254992366      -1.79162359    
  0.297565550      -1.87871122    
  0.337776333      -1.93533015    
  0.374030858      -1.96070004    
  0.404780596      -1.95457602    
  0.428563207      -1.91724896    
  0.444041967      -1.84953845    
  0.450042903      -1.75277495    
  0.445588470      -1.62877393    
  0.429927707      -1.47980082    
  0.402561188      -1.30852854    
  0.363260746      -1.11798775    
  0.312083513     -0.911510527    
  0.249379545     -0.692670405    
  0.175792828     -0.465217054    
   9.22558457E-02 -0.233009160    
  -2.25605818E-05   5.44654977E-05
  -9.95757803E-02  0.230103716    
 -0.204704180      0.453364998    
 -0.313505560      0.666226804    
 -0.423910737      0.865301311    
 -0.533723593       1.04748189    
 -0.640664876       1.20999444    
 -0.742418528       1.35044229    
 -0.836680532       1.46684432    
 -0.921207726       1.55766392    
 -0.993867099       1.62182999    
  -1.05268395       1.65875065    
  -1.09588730       1.66831529    
  -1.12195265       1.65088964    
  -1.12964022       1.60730255    
  -1.11802876       1.53882253    
  -1.08654296       1.44712782    
  -1.03497422       1.33427024    
 -0.963495851       1.20263004    
 -0.872669160       1.05486763    
 -0.763443351      0.893870413    
 -0.637146235      0.722694933    
 -0.495468676      0.544508755    
 -0.340440631      0.362529635    
 -0.174400315      0.179965764    
   4.34958274E-05  -4.34954964E-05
  0.180054754     -0.174483851    
  0.362619132     -0.340519398    
  0.544597149     -0.495541453    
  0.722780645     -0.637211919    
  0.893951893     -0.763501108    
   1.05494356     -0.872718334    
   1.20269859     -0.963535607    
   1.33433020      -1.03500426    
   1.44717813      -1.08656323    
   1.53886175      -1.11803937    
   1.60733008      -1.12964118    
   1.65090466      -1.12194419    
   1.66831720      -1.09587014    
   1.65873921      -1.05265880    
   1.62180531     -0.993834734    
   1.55762589     -0.921169043    
   1.46679354     -0.836636603    
   1.35037923     -0.742370307    
   1.20992005     -0.640613616    
   1.04739726     -0.533670366    
  0.865207732     -0.423856646    
  0.666125715     -0.313451737    
  0.453257978     -0.204651639    
  0.229992449      -9.95255336E-02
  -5.91941498E-05   2.45187421E-05
 -0.233123347       9.22989771E-02
 -0.465329885      0.175831378    
 -0.692779958      0.249412984    
 -0.911614895      0.312111437    
  -1.11808515      0.363282889    
  -1.30861735      0.402577460    
  -1.47987950      0.429938257    
  -1.62884092      0.445593357    
  -1.75282919      0.450042456    
  -1.84957886      0.444036633    
  -1.91727483      0.428553492    
  -1.95458663      0.404767126    
  -1.96069539      0.374014348    
  -1.93530989      0.337757498    
  -1.87867606      0.297545165    
  -1.79157364      0.254971206    
  -1.67530608      0.211633384    
  -1.53167915      0.169092566    
  -1.36297083      0.128832996    
  -1.17189360       9.22251567E-02
 -0.961548388       6.04914986E-02
 -0.735370338       3.46761309E-02
 -0.497070104       1.56189930E-02
 -0.250569552       3.93521925E-03
   6.66302149E-05   2.77474099E-10
  0.250701696       3.93938320E-03
  0.497198969       1.56271867E-02
  0.735493779       3.46880890E-02
  0.961664498       6.05068468E-02
   1.17200041       9.22433808E-02
   1.36306632      0.128853500    
   1.53176212      0.169114634    
   1.67537522      0.211656302    
   1.79162776      0.254994094    
   1.87871432      0.297567278    
   1.93533182      0.337777913    
   1.96070051      0.374032259    
   1.95457518      0.404781699    
   1.91724694      0.428564012    
   1.84953523      0.444042414    
   1.75277042      0.450042933    
   1.62876832      0.445588082    
   1.47979426      0.429926842    
   1.30852115      0.402559817    
   1.11797953      0.363258898    
  0.911501825      0.312081188    
  0.692661285      0.249376774    
  0.465207696      0.175789624    
  0.232999653       9.22522545E-02
  -6.39224090E-05  -2.64778519E-05
 -0.230112985      -9.95799601E-02
 -0.453373939     -0.204708546    
 -0.666235209     -0.313510031    
 -0.865309119     -0.423915207    
  -1.04748893     -0.533728004    
  -1.21000063     -0.640669107    
  -1.35044765     -0.742422521    
  -1.46684861     -0.836684227    
  -1.55766690     -0.921210885    
  -1.62183213     -0.993869781    
  -1.65875161      -1.05268598    
  -1.66831505      -1.09588861    
  -1.65088844      -1.12195325    
  -1.60730028      -1.12964010    
  -1.53881907      -1.11802793    
  -1.44712377      -1.08654118    
  -1.33426523      -1.03497171    
  -1.20262432     -0.963492453    
  -1.05486143     -0.872665107    
 -0.893863678     -0.763438523    
 -0.722687781     -0.637140691    
 -0.544501364     -0.495462596    
 -0.362522244     -0.340434074    
 -0.179958358     -0.174393341    
   5.07334662E-05   5.07339173E-05
  0.174490795      0.180062160    
  0.340525955      0.362626582    
  0.495547473      0.544604480    
  0.637217402      0.722787797    
  0.763505936      0.893958747    
  0.872722268       1.05494976    
  0.963539004       1.20270443    
   1.03500688       1.33433533    
   1.08656490       1.44718230    
   1.11804020       1.53886509    
   1.12964118       1.60733235    
   1.12194347       1.65090585    
   1.09586871       1.66831732    
   1.05265665       1.65873826    
  0.993832111       1.62180316    
  0.921165884       1.55762267    
  0.836632907       1.46678936    
  0.742366374       1.35037422    
  0.640609324       1.20991385    
  0.533665895       1.04739022    
  0.423852146      0.865199983    
  0.313447237      0.666117311    
  0.204647273      0.453249097    
   9.95213613E-02  0.229983211    
  -2.84358575E-05  -6.86511339E-05
  -9.23025683E-02 -0.233132854    
 -0.175834566     -0.465339243    
 -0.249415755     -0.692789018    
 -0.312113762     -0.911623597    
 -0.363284737      -1.11809325    
 -0.402578861      -1.30862474    
 -0.429939091      -1.47988594    
 -0.445593745      -1.62884653    
 -0.450042397      -1.75283372    
 -0.444036186      -1.84958231    
 -0.428552687      -1.91727710    
 -0.404766023      -1.95458770    
 -0.374012977      -1.96069491    
 -0.337755919      -1.93530834    
 -0.297543466      -1.87867308    
 -0.254969418      -1.79156959    
 -0.211631611      -1.67530084    
 -0.169090867      -1.53167272    
 -0.128831416      -1.36296344    
  -9.22237635E-02  -1.17188549    
  -6.04903288E-02 -0.961539507    
  -3.46752107E-02 -0.735360861    
  -1.56183625E-02 -0.497060210    
  -3.93489888E-03 -0.250559419    
  -3.69277109E-10   7.68663376E-05
  -3.93970311E-03  0.250711858    
  -1.56278163E-02  0.497208893    
  -3.46890092E-02  0.735503256    
  -6.05080239E-02  0.961673379    
  -9.22447816E-02   1.17200851    
 -0.128855065       1.36307359    
 -0.169116333       1.53176856    
 -0.211658046       1.67538047    
 -0.254995883       1.79163194    
 -0.297568947       1.87871718    
 -0.337779492       1.93533337    
 -0.374033600       1.96070087    
 -0.404782832       1.95457435    
 -0.428564847       1.91724467    
 -0.444042861       1.84953177    
 -0.450042963       1.75276577    
 -0.445587665       1.62876272    
 -0.429925978       1.47978771    
 -0.402558476       1.30851388    
 -0.363257051       1.11797154    
 -0.312078893      0.911493182    
 -0.249374002      0.692652166    
 -0.175786421      0.465198278    
  -9.22486633E-02  0.232990146    
   3.03951383E-05  -7.33793277E-05
   9.95841324E-02 -0.230122209    
  0.204712927     -0.453382820    
  0.313514501     -0.666243613    
  0.423919708     -0.865316927    
  0.533732474      -1.04749596    
  0.640673339      -1.21000683    
  0.742426574      -1.35045290    
  0.836687863      -1.46685290    
  0.921214104      -1.55767012    
  0.993872464      -1.62183416    
   1.05268812      -1.65875256    
   1.09589005      -1.66831481    
   1.12195385      -1.65088713    
   1.12964010      -1.60729802    
   1.11802709      -1.53881586    
   1.08653951      -1.44711947    
   1.03496921      -1.33426023    
  0.963489294      -1.20261860    
  0.872661054      -1.05485511    
  0.763433695     -0.893856823    
  0.637135267     -0.722680688    
  0.495456547     -0.544494033    
  0.340427518     -0.362514764    
  0.174386382     -0.179950953    
  -5.79720218E-05   5.79714251E-05
 -0.180069566      0.174497753    
 -0.362634033      0.340532511    
 -0.544611871      0.495553523    
 -0.722795010      0.637222826    
 -0.893965483      0.763510704    
  -1.05495608      0.872726440    
  -1.20271003      0.963542163    
  -1.33434033       1.03500926    
  -1.44718647       1.08656657    
  -1.53886831       1.11804116    
  -1.60733473       1.12964129    
  -1.65090716       1.12194288    
  -1.66831756       1.09586728    
  -1.65873742       1.05265462    
  -1.62180114      0.993829429    
  -1.55761957      0.921162546    
  -1.46678507      0.836629331    
  -1.35036886      0.742362380    
  -1.20990765      0.640605032    
  -1.04738319      0.533661485    
 -0.865192175      0.423847646    
 -0.666108906      0.313442767    
 -0.453240186      0.204642907    
 -0.229973957       9.95171741E-02
   7.81081180E-05  -3.23529566E-05
  0.233142376      -9.23061594E-02
  0.465348661     -0.175837785    
  0.692798197     -0.249418542    
  0.911632299     -0.312116086    
   1.11810136     -0.363286555    
   1.30863214     -0.402580172    
   1.47989249     -0.429939955    
   1.62885213     -0.445594192    
   1.75283813     -0.450042367    
   1.84958553     -0.444035739    
   1.91727912     -0.428551883    
   1.95458853     -0.404764891    
   1.96069455     -0.374011576    
   1.93530655     -0.337754339    
   1.87867022     -0.297541767    
   1.79156542     -0.254967690    
   1.67529559     -0.211629868    
   1.53166640     -0.169089168    
   1.36295605     -0.128829852    
   1.17187726      -9.22223553E-02
  0.961530566      -6.04891442E-02
  0.735351324      -3.46742906E-02
  0.497050315      -1.56177329E-02
  0.250549287      -3.93457990E-03
  -8.71024677E-05  -4.74177475E-10
 -0.250722021      -3.94002348E-03
 -0.497218788      -1.56284440E-02
 -0.735512793      -3.46899293E-02
 -0.961682260      -6.05092049E-02
  -1.17201674      -9.22461748E-02
  -1.36308098     -0.128856644    
  -1.53177500     -0.169118032    
  -1.67538583     -0.211659819    
  -1.79163611     -0.254997611    
  -1.87872005     -0.297570646    
  -1.93533504     -0.337781042    
  -1.96070135     -0.374035001    
  -1.95457339     -0.404783934    
  -1.91724265     -0.428565651    
  -1.84952831     -0.444043338    
  -1.75276148     -0.450042993    
  -1.62875724     -0.445587248    
  -1.47978115     -0.429925054    
  -1.30850637     -0.402557105    
  -1.11797547     -0.363257974    
 -0.911510289     -0.312083483    
 -0.692683756     -0.249383628    
 -0.465244859     -0.175802320    
 -0.233051464      -9.22718272E-02
  -1.74727620E-06  -7.23745302E-07
  0.230034888       9.95446891E-02
  0.453285545      0.204665169    
  0.666139185      0.313458890    
  0.865208626      0.423857152    
   1.04738760      0.533664227    
   1.20990229      0.640601337    
   1.35035658      0.742352903    
   1.46676886      0.836615205    
   1.55760264      0.921145439    
   1.62178707      0.993811011    
   1.65872955       1.05263722    
   1.66831899       1.09585333    
   1.65092134       1.12193501    
   1.60736406       1.12964225    
   1.53891504       1.11805367    
   1.44725239       1.08659327    
   1.33442652       1.03505266    
   1.20281720      0.963604271    
   1.05508387      0.872809052    
  0.894113004      0.763615191    
  0.722960711      0.637349904    
  0.544793725      0.495703250    
  0.362829208      0.340704352    
  0.180274680      0.174690336    
   2.69274053E-04   2.69261218E-04
 -0.174173057     -0.179723755    
 -0.340216607     -0.362275213    
 -0.495252639     -0.544246435    
 -0.636942923     -0.722429752    
 -0.763257504     -0.893608093    
 -0.872505367      -1.05461454    
 -0.963358045      -1.20239234    
  -1.03486609      -1.33405483    
  -1.08646750      -1.44694138    
  -1.11798847      -1.53867149    
  -1.12963665      -1.60719335    
  -1.12198663      -1.65082836    
  -1.09595907      -1.66830683    
  -1.05279267      -1.65879989    
 -0.994011104      -1.62194037    
 -0.921384573      -1.55783772    
 -0.836887181      -1.46708345    
 -0.742650986      -1.35074639    
 -0.640918732      -1.21036243    
 -0.533993781      -1.04791105    
 -0.424191952     -0.865787745    
 -0.313792139     -0.666764915    
 -0.204990327     -0.453948081    
  -9.98557657E-02 -0.230723605    
  -2.90762750E-04  -7.01869139E-04
   9.20047238E-02  0.232344538    
  0.175563663      0.464546412    
  0.249176696      0.692005634    
  0.311910659      0.910864055    
  0.363120705       1.11737204    
  0.402456075       1.30795658    
  0.429858714       1.47928452    
  0.445555806       1.62832546    
  0.450045884       1.75240552    
  0.444079012       1.84925818    
  0.428631723       1.91706669    
  0.404877245       1.95449913    
  0.374151587       1.96073425    
  0.337916344       1.93547928    
  0.297719628       1.87897754    
  0.255154848       1.79200673    
  0.211819544       1.67586744    
  0.169274569       1.53236318    
  0.129004315       1.36376989    
   9.23795626E-02   1.17279756    
   6.06232844E-02  0.962544620    
   3.47802714E-02  0.736444592    
   1.56913046E-02  0.498206168    
   3.97248147E-03  0.251749724    
   8.10289364E-08   1.13862322E-03
   3.90132610E-03 -0.249491245    
   1.55512728E-02 -0.496003747    
   3.45758684E-02 -0.734334469    
   6.03611358E-02 -0.960561633    
   9.20682251E-02  -1.17097390    
  0.128654093      -1.36213541    
  0.168897271      -1.53094435    
  0.211428165      -1.67468679    
  0.254763216      -1.79108286    
  0.297342122      -1.87832463    
  0.337567538      -1.93510675    
  0.373845696      -1.96064687    
  0.404628009      -1.95469666    
  0.428451896      -1.91754389    
  0.443979979      -1.85000539    
  0.450037450      -1.75340843    
  0.445645899      -1.62956572    
  0.430052966      -1.48073947    
  0.402757823      -1.30960023    
  0.363530755      -1.11917579    
  0.312427163     -0.912796259    
  0.249795213     -0.694033206    
  0.176276997     -0.466634691    
   9.28031355E-02 -0.234458283    
   5.80602093E-04  -1.40207354E-03
  -9.89258215E-02  0.228664190    
 -0.204018176      0.451966733    
 -0.312795818      0.664893568    
 -0.423190862      0.864055753    
 -0.533008277       1.04634523    
 -0.639969587       1.20898616    
 -0.741759360       1.34957969    
 -0.836073697       1.46614206    
 -0.920669138       1.55713379    
 -0.993412316       1.62148130    
  -1.05232763       1.65858877    
  -1.09564269       1.66834283    
  -1.12183166       1.65110576    
  -1.12965274       1.60770273    
  -1.11818266       1.53939939    
  -1.08684313       1.44787085    
  -1.03542352       1.33516586    
 -0.964093983       1.20366192    
 -0.873412967       1.05601752    
 -0.764326394      0.895117462    
 -0.638159394      0.724017143    
 -0.496599734      0.545882821    
 -0.341674596      0.363931566    
 -0.175719500      0.181371123    
  -1.34082977E-03   1.34114770E-03
  0.178627461     -0.173143446    
  0.361172825     -0.339245707    
  0.543157041     -0.494355381    
  0.721372902     -0.636132598    
  0.892603159     -0.762545407    
   1.05368018     -0.871900499    
   1.20154667     -0.962867320    
   1.33331454      -1.03449416    
   1.44632161      -1.08621633    
   1.53818583      -1.11785829    
   1.60685325      -1.12962496    
   1.65064240      -1.12208891    
   1.66828167      -1.09616876    
   1.65893900      -1.05310154    
   1.62224472     -0.994409025    
   1.55830514     -0.921860278    
   1.46770871     -0.837428153    
   1.35152197     -0.743244112    
   1.21127748     -0.641550183    
   1.04895246     -0.534649611    
  0.866939723     -0.424858212    
  0.668009877     -0.314455301    
  0.455266297     -0.205637515    
  0.232093915     -0.100474939    
   2.10202998E-03  -8.71039578E-04
 -0.230937675       9.14729312E-02
 -0.463156343      0.175088480    
 -0.690655768      0.248764560    
 -0.909577429      0.311566323    
  -1.11617088      0.362847239    
  -1.30686164      0.402254701    
  -1.47831535      0.429728895    
  -1.62749898      0.445495367    
  -1.75173688      0.450051010    
  -1.84875953      0.444144517    
  -1.91674781      0.428751051    
  -1.95436633      0.405042827    
  -1.96079087      0.374354899    
  -1.93572581      0.338148385    
  -1.87941074      0.297970772    
  -1.79262018      0.255415440    
  -1.67665195      0.212080061    
  -1.53330636      0.169525772    
  -1.36485660      0.129237548    
  -1.17401040       9.25869942E-02
 -0.963863790       6.07980341E-02
 -0.737848401       3.49166207E-02
 -0.499671608       1.57848392E-02
 -0.253252655       4.02019359E-03
  -2.65426538E-03   4.40320406E-07
  0.247987926       3.85432132E-03
  0.494537562       1.54584106E-02
  0.732929587       3.44401374E-02
  0.959241092       6.01869300E-02
   1.16975927       9.18612331E-02
   1.36104667      0.128421187    
   1.52999890      0.168646291    
   1.67389989      0.211167723    
   1.79046679      0.254502535    
   1.87788892      0.297090799    
   1.93485749      0.337335199    
   1.96058714      0.373641849    
   1.95482659      0.404461831    
   1.91786015      0.428331792    
   1.85050142      0.443913639    
   1.75407469      0.450031340    
   1.63039005      0.445705324    
   1.48170698      0.430181712    
   1.31069338      0.402958095    
   1.12037551      0.363803148    
  0.914081752      0.312770396    
  0.695382297      0.250206351    
  0.468024313      0.176751286    
  0.235865101       9.33341309E-02
   2.80250888E-03   1.16021477E-03
 -0.227293208      -9.83071476E-02
 -0.450647593     -0.203371331    
 -0.663647354     -0.312132806    
 -0.862902224     -0.422524542    
  -1.04530215     -0.532352209    
  -1.20806909     -0.639337718    
  -1.34880209     -0.741165578    
  -1.46551442     -0.835531831    
  -1.55666399     -0.920192420    
  -1.62117457     -0.993013203    
  -1.65844715      -1.05201733    
  -1.66836548      -1.09543145    
  -1.65128922      -1.12172771    
  -1.60804069      -1.12966275    
  -1.53988278      -1.11831093    
  -1.44848859      -1.08709240    
  -1.33590448      -1.03579366    
  -1.20450628     -0.964582860    
  -1.05695069     -0.874016106    
 -0.896121562     -0.765037000    
 -0.725073338     -0.638968289    
 -0.546971858     -0.497495741    
 -0.365033895     -0.342644483    
 -0.182467639     -0.176748335    
  -2.41322350E-03  -2.41219439E-03
  0.172113523      0.177531272    
  0.338274419      0.360070378    
  0.493457705      0.542067528    
  0.635321736      0.720315874    
  0.761832654      0.891597807    
  0.871294975       1.05274522    
  0.962375879       1.20070028    
   1.03412139       1.33257341    
   1.08596468       1.44570136    
   1.11772740       1.53769946    
   1.12961257       1.60651219    
   1.12219059       1.65045571    
   1.09637785       1.66825569    
   1.05340958       1.65907717    
  0.994806409       1.62254798    
  0.922335505       1.55877149    
  0.837968826       1.46833313    
  0.743836939       1.35229659    
  0.642181337       1.21219158    
  0.535305321       1.04999304    
  0.425524443      0.868091106    
  0.315118521      0.669254243    
  0.206284836      0.456584096    
  0.101094320      0.233464018    
   1.45158113E-03   3.50207975E-03
  -9.09408256E-02 -0.229530767    
 -0.174612910     -0.461766094    
 -0.248352006     -0.689305663    
 -0.311221600     -0.908290386    
 -0.362573385      -1.11496913    
 -0.402052909      -1.30576599    
 -0.429598659      -1.47734511    
 -0.445434541      -1.62667155    
 -0.450055778      -1.75106692    
 -0.444209635      -1.84825993    
 -0.428870082      -1.91642773    
 -0.405208141      -1.95423234    
 -0.374558061      -1.96084654    
 -0.338380218      -1.93597114    
 -0.298221827      -1.87984276    
 -0.255676001      -1.79323244    
 -0.212340623      -1.67743540    
 -0.169777066      -1.53424871    
 -0.129470944      -1.36594260    
  -9.27945971E-02  -1.17522240    
  -6.09729961E-02 -0.965182304    
  -3.50532159E-02 -0.739251733    
  -1.58786438E-02 -0.501136780    
  -4.06818790E-03 -0.254755437    
  -1.08675795E-06  -4.16990556E-03
  -3.80759942E-03  0.246484458    
  -1.53658176E-02  0.493071049    
  -3.43046486E-02  0.731524229    
  -6.00129329E-02  0.957919955    
  -9.16544199E-02   1.16854405    
 -0.128188401       1.35995698    
 -0.168395355       1.52905250    
 -0.210907310       1.67311180    
 -0.254241824       1.78984940    
 -0.296839356       1.87745178    
 -0.337102681       1.93460703    
 -0.373437792       1.96052647    
 -0.404295355       1.95495534    
 -0.428211391       1.91817534    
 -0.443846941       1.85099638    
 -0.450024903       1.75474012    
 -0.445764303       1.63121331    
 -0.430310041       1.48267341    
 -0.403157949       1.31178582    
 -0.364075094       1.12157464    
 -0.313113272      0.915366769    
 -0.250617087      0.696731031    
 -0.177225232      0.469413847    
  -9.38648060E-02  0.237271830    
  -1.73956144E-03   4.20305226E-03
   9.76886749E-02 -0.225922003    
  0.202724621     -0.449328095    
  0.311469823     -0.662400663    
  0.421858191     -0.861748040    
  0.531696081      -1.04425836    
  0.638705611      -1.20715141    
  0.740571618      -1.34802353    
  0.834989548      -1.46488583    
  0.919715285      -1.55619335    
  0.992613494      -1.62086666    
   1.05170655      -1.65830445    
   1.09521949      -1.66838706    
   1.12162304      -1.65147161    
   1.12967181      -1.60837770    
   1.11843860      -1.54036534    
   1.08734083      -1.44910550    
   1.03616309      -1.33664238    
  0.965071142      -1.20534992    
  0.874618649      -1.05788326    
  0.765747011     -0.897125304    
  0.639776647     -0.726129293    
  0.498391241     -0.548060656    
  0.343613982     -0.366136253    
  0.177776888     -0.183564246    
   3.48335458E-03  -3.48550058E-03
 -0.176435173      0.171083301    
 -0.358967930      0.337302715    
 -0.540977955      0.492559522    
 -0.719258547      0.634510338    
 -0.890591979      0.761119187    
  -1.05180991      0.870688677    
  -1.19985342      0.961883783    
  -1.33183181       1.03374791    
  -1.44508016       1.08571231    
  -1.53721225       1.11759579    
  -1.60617018       1.12959945    
  -1.65026796       1.12229156    
  -1.66822851       1.09658635    
  -1.65921438       1.05371726    
  -1.62285030      0.995203316    
  -1.55923688      0.922810376    
  -1.46895659      0.838509083    
  -1.35307026      0.744429469    
  -1.21310496      0.642812431    
  -1.05103290      0.535960913    
 -0.869241834      0.426190645    
 -0.670498133      0.315781832    
 -0.457901537      0.206932291    
 -0.234833866      0.101713911    
  -4.90201730E-03   2.03238707E-03
  0.228123844      -9.04083997E-02
  0.460375667     -0.174136981    
  0.687955141     -0.247939080    
  0.907002926     -0.310876429    
   1.11376691     -0.362299055    
   1.30466974     -0.401850671    
   1.47637415     -0.429467976    
   1.62584317     -0.445373237    
   1.75039637     -0.450060159    
   1.84775901     -0.444274426    
   1.91610634     -0.428988785    
   1.95409739     -0.405373216    
   1.96090114     -0.374761015    
   1.93621540     -0.338611931    
   1.88027358     -0.298472762    
   1.79384398     -0.255936593    
   1.67821801     -0.212601215    
   1.53519011     -0.170028448    
   1.36702776     -0.129704446    
   1.17643380      -9.30023864E-02
  0.966500282      -6.11481778E-02
  0.740654707      -3.51900570E-02
  0.502601624      -1.59727149E-02
  0.256258070      -4.11646394E-03
   5.68554364E-03  -2.02034084E-06
 -0.244980827      -3.76116019E-03
 -0.491604269      -1.52734937E-02
 -0.730118394      -3.41694131E-02
 -0.956598163      -5.98391555E-02
  -1.16732812      -9.14477855E-02
  -1.35886645     -0.127955750    
  -1.52810526     -0.168144539    
  -1.67232299     -0.210646927    
  -1.78923118     -0.253981113    
  -1.87701368     -0.296587855    
  -1.93435550     -0.336870044    
  -1.96046448     -0.373233557    
  -1.95508301     -0.404128641    
  -1.91848922     -0.428090721    
  -1.85149014     -0.443779856    
  -1.75540435     -0.450018048    
  -1.63203561     -0.445822924    
  -1.48363912     -0.430437922    
  -1.31287766     -0.403357416    
  -1.12277317     -0.364346594    
 -0.916651309     -0.313455641    
 -0.698079467     -0.251027465    
 -0.470803112     -0.177698791    
 -0.238678589      -9.43951681E-02
  -5.60370320E-03  -2.31864187E-03
  0.224550560       9.70704183E-02
  0.448008180      0.202078030    
  0.661153555      0.310806930    
  0.860593259      0.421191841    
   1.04321384      0.531039834    
   1.20623267      0.638073325    
   1.34724402      0.739977241    
   1.46425629      0.834446967    
   1.55572164      0.919237673    
   1.62055790      0.992213368    
   1.65816081       1.05139518    
   1.66840792       1.09500694    
   1.65165317       1.12151766    
   1.60871363       1.12968040    
   1.54084706       1.11856544    
   1.44972169       1.08758843    
   1.33737957       1.03653181    
   1.20619297      0.965558648    
   1.05881548      0.875220537    
  0.898128569      0.766456366    
  0.727184951      0.640584409    
  0.549149394      0.499286234    
  0.367238551      0.344583094    
  0.184660956      0.178805113    
   4.55797929E-03   4.55430988E-03
 -0.170052767     -0.175339147    
 -0.336330593     -0.357865453    
 -0.491660863     -0.539888203    
 -0.633698344     -0.718200922    
 -0.760405123     -0.889585853    
 -0.870081842      -1.05087423    
 -0.961390972      -1.19900584    
  -1.03337383      -1.33108950    
  -1.08545899      -1.44445825    
  -1.11746359      -1.53672421    
  -1.12958574      -1.60582745    
  -1.12239182      -1.65007925    
  -1.09679413      -1.66820037    
  -1.05402446      -1.65935063    
 -0.995599747      -1.62315154    
 -0.923284590      -1.55970120    
 -0.839049041      -1.46957898    
 -0.745021760      -1.35384297    
 -0.643443286      -1.21401751    
 -0.536616325      -1.05207193    
 -0.426856816     -0.870391965    
 -0.316445142     -0.671741545    
 -0.207579866     -0.459218591    
 -0.102333695     -0.236203447    
  -2.61345715E-03  -6.30184216E-03
   8.98756534E-02  0.226716891    
  0.173660681      0.458985031    
  0.247525766      0.686604381    
  0.310530901      0.905714929    
  0.362024307       1.11256385    
  0.401647955       1.30357277    
  0.429336905       1.47540236    
  0.445311606       1.62501395    
  0.450064152       1.74972463    
  0.444338888       1.84725738    
  0.429107249       1.91578412    
  0.405538023       1.95396113    
  0.374963731       1.96095443    
  0.338843465       1.93645847    
  0.298723638       1.88070345    
  0.256197095       1.79445422    
  0.212861791       1.67899942    
  0.170279905       1.53613043    
  0.129938096       1.36811197    
   9.32103544E-02   1.17764461    
   6.13235682E-02  0.967817605    
   3.53271477E-02  0.742057204    
   1.60670560E-02  0.504066169    
   4.16502310E-03  0.257760555    
   3.24106804E-06   7.20117800E-03
   3.71500337E-03 -0.243477061    
   1.51814381E-02 -0.490137160    
   3.40344198E-02 -0.728712142    
   5.96655942E-02 -0.955275893    
   9.12413374E-02  -1.16611147    
  0.127723232      -1.35777533    
  0.167893782      -1.52715707    
  0.210386559      -1.67153287    
  0.253720343      -1.78861177    
  0.296336234      -1.87657440    
  0.336637259      -1.93410265    
  0.373029113      -1.96040142    
  0.403961688      -1.95520961    
  0.427969724      -1.91880214    
  0.443712503      -1.85198307    
  0.450010806      -1.75606763    
  0.445881099      -1.63285720    
  0.430565357      -1.48460388    
  0.403556377      -1.31396866    
  0.364617646      -1.12397122    
  0.313797653     -0.917935431    
  0.251437426     -0.699427545    
  0.178171992     -0.472192258    
   9.49251950E-02 -0.240085244    
   2.89745559E-03  -7.00446079E-03
  -9.64523628E-02  0.223178864    
 -0.201431602      0.446687907    
 -0.310144067      0.659905910    
 -0.420525461      0.859437943    
 -0.530383408       1.04216862    
 -0.637440860       1.20531332    
 -0.739382684       1.34646380    
 -0.833904028       1.46362591    
 -0.918759584       1.55524909    
 -0.991812706       1.62024820    
  -1.05108333       1.65801620    
  -1.09479380       1.66842747    
  -1.12141168       1.65183377    
  -1.12968814       1.60904884    
  -1.11869168       1.54132795    
  -1.08783543       1.45033717    
  -1.03689981       1.33811617    
 -0.966045499       1.20703542    
 -0.875821710       1.05974710    
 -0.767165065      0.899131536    
 -0.641391635      0.728240430    
 -0.500180840      0.550238013    
 -0.345551759      0.368340850    
 -0.179833055      0.185757771    
  -5.62505890E-03   5.63065847E-03
  0.174243256     -0.169021919    
  0.356762975     -0.335358113    
  0.538798273     -0.490761697    
  0.717143118     -0.632885754    
  0.888579369     -0.759690464    
   1.04993784     -0.869474232    
   1.19815779     -0.960897446    
   1.33034647      -1.03299904    
   1.44383550      -1.08520520    
   1.53623521      -1.11733043    
   1.60548365      -1.12957132    
   1.64988971      -1.12249148    
   1.66817129      -1.09700143    
   1.65948582      -1.05433095    
   1.62345195     -0.995995522    
   1.56016469     -0.923758626    
   1.47020066     -0.839588583    
   1.35461509     -0.745613754    
   1.21492922     -0.644073904    
   1.05311048     -0.537271738    
  0.871541500     -0.427523017    
  0.672984421     -0.317108572    
  0.460535258     -0.208227575    
  0.237572804     -0.102953687    
   7.70155434E-03  -3.19479103E-03
 -0.225309893       8.93425941E-02
 -0.457594305      0.173184037    
 -0.685253322      0.247112036    
 -0.904426575      0.310184926    
  -1.11136031      0.361749113    
  -1.30247509      0.401444852    
  -1.47442985      0.429205388    
  -1.62418377      0.445249498    
  -1.74905181      0.450067759    
  -1.84675443      0.444402993    
  -1.91546071      0.429225326    
  -1.95382369      0.405702561    
  -1.96100652      0.375166237    
  -1.93670022      0.339074880    
  -1.88113201      0.298974425    
  -1.79506361      0.256457597    
  -1.67978001      0.213122442    
  -1.53706992      0.170531452    
  -1.36919546      0.130171865    
  -1.17885458       9.34185013E-02
 -0.969134510       6.14991821E-02
 -0.743459225       3.54644805E-02
 -0.505530417       1.61616653E-02
 -0.259262890       4.21386398E-03
  -8.71680863E-03   4.74893795E-06
  0.241973162       3.66912968E-03
  0.488669753       1.50896534E-02
  0.727305412       3.38996761E-02
  0.953953028       5.94922528E-02
   1.16489410       9.10350680E-02
   1.35668325      0.127490863    
   1.52620792      0.167643115    
   1.67074192      0.210126251    
   1.78799140      0.253459543    
   1.87613404      0.296084553    
   1.93384886      0.336404324    
   1.96033716      0.372824490    
   1.95533502      0.403794467    
   1.91911387      0.427848428    
   1.85247481      0.443644762    
   1.75673008      0.450003237    
   1.63367784      0.445938915    
   1.48556793      0.430692434    
   1.31505895      0.403754920    
   1.12516868      0.364888310    
  0.919219136      0.314139217    
  0.700775325      0.251846969    
  0.473581195      0.178644851    
  0.241491929       9.54549089E-02
   8.40532407E-03   3.47600225E-03
 -0.221806914      -9.58345011E-02
 -0.445367247     -0.200785279    
 -0.658657730     -0.309481263    
 -0.858281970     -0.419859111    
  -1.04112267     -0.529726982    
  -1.20439315     -0.636808217    
  -1.34568262     -0.738787830    
  -1.46299458     -0.833360732    
  -1.55477536     -0.918281198    
  -1.61993742     -0.991411507    
  -1.65787041      -1.05077076    
  -1.66844630      -1.09458005    
  -1.65201330      -1.12130499    
  -1.60938311      -1.12969518    
  -1.54180801      -1.11881709    
  -1.45095170      -1.08808172    
  -1.33885193      -1.03726709    
  -1.20787740     -0.966531694    
  -1.06067848     -0.876422286    
 -0.900134206     -0.767873228    
 -0.729295552     -0.642198265    
 -0.551326454     -0.501074791    
 -0.369443119     -0.346520036    
 -0.186854661     -0.180860668    
  -6.70353603E-03  -6.69560162E-03
  0.167990774      0.173147425    
  0.334385216      0.355660439    
  0.489862084      0.537708282    
  0.632072687      0.716084957    
  0.758975267      0.887572527    
  0.868866026       1.04900110    
  0.960403264       1.19730926    
   1.03262341       1.32960272    
   1.08495045       1.44321203    
   1.11719668       1.53574550    
   1.12955618       1.60513902    
   1.12259042       1.64969909    
   1.09720802       1.66814137    
   1.05463684       1.65962005    
  0.996390939       1.62375128    
  0.924232006       1.56062710    
  0.840127766       1.47082138    
  0.746205449       1.35538614    
  0.644704401       1.21584022    
  0.537926972       1.05414808    
  0.428189129      0.872690380    
  0.317772031      0.674226820    
  0.208875448      0.461851597    
  0.103573874      0.238941908    
   3.77638824E-03   9.10115056E-03
  -8.88092220E-02 -0.223902896    
 -0.172707006     -0.456203371    
 -0.246697918     -0.683901906    
 -0.309838504     -0.903137743    
 -0.361473471      -1.11015630    
 -0.401241273      -1.30137670    
 -0.429073483      -1.47345650    
 -0.445187032      -1.62335277    
 -0.450071007      -1.74837816    
 -0.444466740      -1.84625053    
 -0.429343164      -1.91513622    
 -0.405866861      -1.95368516    
 -0.375368565      -1.96105754    
 -0.339306176      -1.93694115    
 -0.299225122      -1.88155973    
 -0.256718040      -1.79567170    
 -0.213383093      -1.68055940    
 -0.170783058      -1.53800857    
 -0.130405799      -1.37027824    
  -9.36268121E-02  -1.18006384    
  -6.16750009E-02 -0.970450699    
  -3.56020555E-02 -0.744860828    
  -1.62565410E-02 -0.506994307    
  -4.26298799E-03 -0.260765076    
  -6.54394898E-06  -1.02324337E-02
  -3.62353912E-03  0.240469098    
  -1.49981370E-02  0.487202108    
  -3.37651782E-02  0.725898385    
  -5.93191274E-02  0.952629566    
  -9.08289626E-02   1.16367602    
 -0.127258614       1.35559034    
 -0.167392537       1.52525795    
 -0.209865943       1.66995001    
 -0.253198743       1.78736997    
 -0.295832783       1.87569261    
 -0.336171269       1.93359387    
 -0.372619659       1.96027195    
 -0.403627008       1.95545936    
 -0.427726835       1.91942465    
 -0.443576664       1.85296547    
 -0.449995220       1.75739133    
 -0.445996314       1.63449752    
 -0.430819035       1.48653114    
 -0.403953016       1.31614840    
 -0.365158498       1.12636542    
 -0.314480364      0.920502245    
 -0.252256155      0.702122808    
 -0.179117322      0.474969983    
  -9.59842950E-02  0.242898524    
  -4.05428186E-03   9.80629213E-03
   9.52168554E-02 -0.220434755    
  0.200139105     -0.444046199    
  0.308818549     -0.657409072    
  0.419192702     -0.857125342    
  0.529070377      -1.04007602    
  0.636175334      -1.20347202    
  0.738192677      -1.34490061    
  0.832817078      -1.46236217    
  0.917802215      -1.55430079    
  0.991009951      -1.61962569    
   1.05045784      -1.65772378    
   1.09436560      -1.66846406    
   1.12119770      -1.65219212    
   1.12970161      -1.60971642    
   1.11894178      -1.54228723    
   1.08832717      -1.45156562    
   1.03763354      -1.33958721    
  0.967017055      -1.20871866    
  0.877022028      -1.06160915    
  0.768580735     -0.901136458    
  0.643004477     -0.730350554    
  0.501968384     -0.552414775    
  0.347487897     -0.370545357    
  0.181887969     -0.187951624    
   7.76593806E-03  -7.77661381E-03
 -0.172051698      0.166959345    
 -0.354557931      0.333411932    
 -0.536618114      0.488961935    
 -0.715026617      0.631258965    
 -0.886565268      0.758259356    
  -1.04806387      0.868257165    
  -1.19645989      0.959908247    
  -1.32885826       1.03224707    
  -1.44258773       1.08469498    
  -1.53525484       1.11706233    
  -1.60479343       1.12954021    
  -1.64950752       1.12268865    
  -1.66811037       1.09741414    
  -1.65975320       1.05494237    
  -1.62404966      0.996785700    
  -1.56108856      0.924705088    
  -1.47144091      0.840666652    
  -1.35615635      0.746796966    
  -1.21675038      0.645334721    
  -1.05518520      0.538582146    
 -0.873838663      0.428855240    
 -0.675468683      0.318435550    
 -0.463167459      0.209523410    
 -0.240310729      0.104194269    
  -1.05006313E-02   4.35824832E-03
  0.222495869      -8.82755220E-02
  0.454812229     -0.172229633    
  0.682550192     -0.246283412    
  0.901848495     -0.309491694    
   1.10895157     -0.361197412    
   1.30027747     -0.401037306    
   1.47248220     -0.428941101    
   1.62252080     -0.445124120    
   1.74770331     -0.450073808    
   1.84574556     -0.444530189    
   1.91481054     -0.429460645    
   1.95354569     -0.406030923    
   1.96110737     -0.375570714    
   1.93718076     -0.339537263    
   1.88198614     -0.299475729    
   1.79627883     -0.256978482    
   1.68133795     -0.213643789    
   1.53894627     -0.171034768    
   1.37136006     -0.130639821    
   1.18127239      -9.38353091E-02
  0.971766293      -6.18510395E-02
  0.746261954      -3.57398801E-02
  0.508458018      -1.63516887E-02
  0.262267083      -4.31239372E-03
   1.17480513E-02  -8.62609886E-06
 -0.238964885      -3.57823097E-03
 -0.485734135      -1.49068907E-02
 -0.724490821      -3.36309299E-02
 -0.951305628      -5.91462217E-02
  -1.16245723      -9.06230435E-02
  -1.35449672     -0.127026498    
  -1.52430701     -0.167142048    
  -1.66915703     -0.209605694    
  -1.78674746     -0.252937913    
  -1.87525010     -0.295580924    
  -1.93333757     -0.335938036    
  -1.96020532     -0.372414619    
  -1.95558238     -0.403459311    
  -1.91973436     -0.427604973    
  -1.85345507     -0.443508267    
  -1.75805163     -0.449986875    
  -1.63531637     -0.446053296    
  -1.48749363     -0.430945218    
  -1.31723738     -0.404150724    
  -1.12756169     -0.365428269    
 -0.921784997     -0.314821094    
 -0.703469992     -0.252664894    
 -0.476358563     -0.179589435    
 -0.244305119      -9.65133756E-02
  -1.12073636E-02  -4.63229325E-03
  0.219062328       9.45994183E-02
  0.442724824      0.199493080    
  0.656159878      0.308155894    
  0.855968177      0.418526292    
   1.03902853      0.528413713    
   1.20255029      0.635542393    
   1.34411776      0.737597287    
   1.46172905      0.832273126    
   1.55382538      0.917322993    
   1.61931288      0.990607679    
   1.65757608       1.05014408    
   1.66848087       1.09415054    
   1.65236974       1.12108970    
   1.61004877       1.12970734    
   1.54276550       1.11906576    
   1.45217872       1.08857214    
   1.34032166       1.03799939    
   1.20955932      0.967501700    
   1.06253934      0.877621233    
  0.902138233      0.769287586    
  0.731405139      0.643809974    
  0.553502858      0.502861440    
  0.371647567      0.348455399    
  0.189048707      0.182914972    
   8.84988904E-03   8.83606542E-03
 -0.165927589     -0.170956090    
 -0.332438260     -0.353455395    
 -0.488061339     -0.535527825    
 -0.630444765     -0.713967979    
 -0.757542849     -0.885557652    
 -0.867647588      -1.04712617    
 -0.959412694      -1.19561017    
  -1.03187001      -1.32811320    
  -1.08443904      -1.44196272    
  -1.11692703      -1.53476346    
  -1.12952375      -1.60444689    
  -1.12278640      -1.64931500    
  -1.09761930      -1.66807818    
  -1.05524707      -1.65988541    
 -0.997180164      -1.62434697    
 -0.925177753      -1.56154919    
 -0.841205180      -1.47205985    
 -0.747388065      -1.35692573    
 -0.645964801      -1.21765971    
 -0.539237201      -1.05622125    
 -0.429521352     -0.874986351    
 -0.319099128     -0.676710069    
 -0.210171536     -0.464483023    
 -0.104814865     -0.241679326    
  -4.94037149E-03  -1.18999965E-02
   8.77415091E-02  0.221088797    
  0.171751887      0.453420967    
  0.245868504      0.681198239    
  0.309144437      0.900558710    
  0.360920936       1.10774636    
  0.400832891       1.29917777    
  0.428808272       1.47150719    
  0.445060760       1.62168777    
  0.450076312       1.74702775    
  0.444593221       1.84523952    
  0.429577857       1.91448379    
  0.406194687       1.95340490    
  0.375772625       1.96115613    
  0.339768261       1.93741930    
  0.299726248       1.88241148    
  0.257238895       1.79688489    
  0.213904500       1.68211555    
  0.171286538       1.53988290    
  0.130874008       1.37244117    
   9.40439850E-02   1.18248045    
   6.20272905E-02  0.973081410    
   3.58779505E-02  0.747662663    
   1.64471008E-02  0.509921312    
   4.36208118E-03  0.263768941    
   1.09953853E-05   1.32636633E-02
   3.53320572E-03 -0.237460539    
   1.48159144E-02 -0.484265864    
   3.34969275E-02 -0.723082840    
   5.89735359E-02 -0.949981034    
   9.04173106E-02  -1.16123772    
  0.126794517      -1.35340214    
  0.166891649      -1.52335513    
  0.209345460      -1.66836309    
  0.252677053      -1.78612387    
  0.295328975      -1.87480628    
  0.335704714      -1.93308032    
  0.372209430      -1.96013772    
  0.403291345      -1.95570445    
  0.427482784      -1.92004275    
  0.443439484      -1.85394371    
  0.449978113      -1.75871098    
  0.446109861      -1.63613415    
  0.431070983      -1.48845530    
  0.404347956      -1.31832564    
  0.365697652      -1.12875736    
  0.315161407     -0.923067331    
  0.253073275     -0.704816818    
  0.180061206     -0.477746993    
   9.70421284E-02 -0.245711654    
   5.21003688E-03  -1.26085384E-02
  -9.39821750E-02  0.217689648    
 -0.198847190      0.441403061    
 -0.307493299      0.654910207    
 -0.417859823      0.854810357    
 -0.527756929       1.03798044    
 -0.634909153       1.20162761    
 -0.737001598       1.34333396    
 -0.831728756       1.46109474    
 -0.916843116       1.55334866    
 -0.990205050       1.61899924    
  -1.04982984       1.65742755    
  -1.09393489       1.66849661    
  -1.12098110       1.65254653    
  -1.12971234       1.61038041    
  -1.11918902       1.54324305    
  -1.08881605       1.45279086    
  -1.03836441       1.34105539    
 -0.967985749       1.21039963    
 -0.878219783       1.06346917    
 -0.769993722      0.903139651    
 -0.644614935      0.732459545    
 -0.503754020      0.554590881    
 -0.349422455      0.372749776    
 -0.183941662      0.190145850    
  -9.90598556E-03   9.92336310E-03
  0.169860572     -0.164895549    
  0.352352828     -0.331464142    
  0.534437478     -0.487160295    
  0.712909162     -0.629629970    
  0.884549797     -0.756825745    
   1.04618788     -0.867037416    
   1.19475973     -0.958916306    
   1.32736754      -1.03149235    
   1.44133699      -1.08418214    
   1.53427112      -1.11679113    
   1.60409951      -1.12950647    
   1.64912164      -1.12288332    
   1.66804528      -1.09782410    
   1.66001666      -1.05555129    
   1.62464333     -0.997573972    
   1.56200862     -0.925649881    
   1.47267759     -0.841743290    
   1.35769415     -0.747978985    
   1.21856833     -0.646594703    
   1.05725694     -0.539892137    
  0.876133323     -0.430187404    
  0.677950919     -0.319762737    
  0.465798169     -0.210819766    
  0.243047670     -0.105435662    
   1.32992454E-02  -5.52275591E-03
 -0.219681710       8.72071832E-02
 -0.452029526      0.171273798    
 -0.679845810      0.245453164    
 -0.899268568      0.308796793    
  -1.10654056      0.360644042    
  -1.29807723      0.400628000    
  -1.47053146      0.428675085    
  -1.62085402      0.444997102    
  -1.74635100      0.450078398    
  -1.84473228      0.444655925    
  -1.91415608      0.429694772    
  -1.95326293      0.406358212    
  -1.96120381      0.375974357    
  -1.93765676      0.339999080    
  -1.88283563      0.299976677    
  -1.79748988      0.257499278    
  -1.68289196      0.214165241    
  -1.54081881      0.171538398    
  -1.37352145      0.131108314    
  -1.18368757       9.42528248E-02
 -0.974395871       6.22037649E-02
 -0.749062896       3.60162668E-02
 -0.511384368       1.65427830E-02
 -0.265270650       4.41205082E-03
