   0.00000000       0.00000000    
   9.42361578E-02   1.48037996E-03
  0.188402563       5.92078967E-03
  0.282429487       1.33190379E-02
  0.376247257       2.36714706E-02
  0.469786227       3.69729809E-02
  0.562977016       5.32169975E-02
  0.655750334       7.23955110E-02
  0.748036921       9.44990441E-02
  0.839767873      0.119516671    
  0.930874467      0.147436053    
   1.02128828      0.178243354    
   1.11094093      0.211923346    
   1.19976473      0.248459384    
   1.28769207      0.287833333    
   1.37465584      0.330025762    
   1.46058929      0.375015646    
   1.54542601      0.422780782    
   1.62910008      0.473297447    
   1.71154642      0.526540518    
   1.79269958      0.582483590    
   1.87249565      0.641098738    
   1.95087051      0.702356815    
   2.02776122      0.766227365    
   2.10310507      0.832678497    
   2.17684031      0.901676953    
   2.24890518      0.973188400    
   2.31923938       1.04717696    
   2.38778281       1.12360561    
   2.45447659       1.20243597    
   2.51926208       1.28362846    
   2.58208179       1.36714244    
   2.64287901       1.45293558    
   2.70159793       1.54096484    
   2.75818348       1.63118565    
   2.81258106       1.72355247    
   2.86473751       1.81801844    
   2.91460109       1.91453576    
   2.96211982       2.01305532    
   3.00724339       2.11352682    
   3.04992270       2.21589947    
   3.09010911       2.32012057    
   3.12775517       2.42613673    
   3.16281509       2.53389382    
   3.19524360       2.64333653    
   3.22499633       2.75440812    
   3.25203037       2.86705160    
   3.27630401       2.98120856    
   3.29777646       3.09681988    
   3.31640887       3.21382523    
   3.33216238       3.33216405    
   3.34500003       3.45177412    
   3.35488629       3.57259297    
   3.36178660       3.69455743    
   3.36566734       3.81760263    
   3.36649680       3.94166374    
   3.36424446       4.06667519    
   3.35888052       4.19257116    
   3.35037732       4.31928301    
   3.33870792       4.44674397    
   3.32384706       4.57488585    
   3.30577064       4.70363903    
   3.28445649       4.83293438    
   3.25988293       4.96270084    
   3.23203039       5.09286833    
   3.20088077       5.22336626    
   3.16641665       5.35412169    
   3.12862301       5.48506403    
   3.08748555       5.61611986    
   3.04299188       5.74721575    
   2.99513078       5.87827921    
   2.94389248       6.00923681    
   2.88926888       6.14001417    
   2.83125353       6.27053738    
   2.76984119       6.40073156    
   2.70502806       6.53052235    
   2.63681245       6.65983486    
   2.56519318       6.78859425    
   2.49017143       6.91672468    
   2.41174936       7.04415226    
   2.32993102       7.17080021    
   2.24472213       7.29659414    
   2.15612960       7.42145777    
   2.06416178       7.54531670    
   1.96882880       7.66809559    
   1.87014234       7.78971815    
   1.76811552       7.91011000    
   1.66276288       8.02919579    
   1.55410087       8.14690208    
   1.44214702       8.26315117    
   1.32692063       8.37787247    
   1.20844257       8.49098873    
   1.08673525       8.60242748    
  0.961822152       8.71211433    
  0.833728969       8.81997681    
  0.702482402       8.92594147    
  0.568110943       9.02993679    
  0.430644363       9.13188934    
  0.290114045       9.23172760    
  0.146552846       9.32938194    
  -4.90605589E-06   9.42478085    
 -0.149523422       9.51785374    
 -0.301965445       9.60853291    
 -0.457292229       9.69674778    
 -0.615463734       9.78242970    
 -0.776438236       9.86551380    
 -0.940172851       9.94592953    
  -1.10662305       10.0236139    
  -1.27574313       10.0985003    
  -1.44748580       10.1705227    
  -1.62180257       10.2396202    
  -1.79864359       10.3057270    
  -1.97795749       10.3687820    
  -2.15969157       10.4287243    
  -2.34379196       10.4854927    
  -2.53020358       10.5390282    
  -2.71886992       10.5892715    
  -2.90973330       10.6361666    
  -3.10273433       10.6796560    
  -3.29781318       10.7196846    
  -3.49490786       10.7561970    
  -3.69395661       10.7891407    
  -3.89489460       10.8184633    
  -4.09765768       10.8441143    
  -4.30217886       10.8660421    
  -4.50839186       10.8842001    
  -4.71622753       10.8985386    
  -4.92561722       10.9090128    
  -5.13648796       10.9155760    
  -5.34877205       10.9181862    
  -5.56239557       10.9167995    
  -5.77728415       10.9113750    
  -5.99336433       10.9018736    
  -6.21056032       10.8882551    
  -6.42879581       10.8704844    
  -6.64799261       10.8485231    
  -6.86807489       10.8223391    
  -7.08896112       10.7918978    
  -7.31057405       10.7571678    
  -7.53283119       10.7181206    
  -7.75565290       10.6747255    
  -7.97895575       10.6269569    
  -8.20265770       10.5747871    
  -8.42667484       10.5181952    
  -8.65092373       10.4571562    
  -8.87531948       10.3916502    
  -9.09977722       10.3216572    
  -9.32421017       10.2471590    
  -9.54853249       10.1681395    
  -9.77265739       10.0845852    
  -9.99649715       9.99648285    
  -10.2199640       9.90381908    
  -10.4429693       9.80658627    
  -10.6654243       9.70477486    
  -10.8872414       9.59838009    
  -11.1083288       9.48739529    
  -11.3285990       9.37181759    
  -11.5479622       9.25164795    
  -11.7663260       9.12688446    
  -11.9836025       8.99752808    
  -12.1996994       8.86358547    
  -12.4145260       8.72506046    
  -12.6279926       8.58195972    
  -12.8400078       8.43429375    
  -13.0504799       8.28207111    
  -13.2593184       8.12530613    
  -13.4664326       7.96401119    
  -13.6717310       7.79820251    
  -13.8751230       7.62789822    
  -14.0765181       7.45311785    
  -14.2758255       7.27388144    
  -14.4729557       7.09021235    
  -14.6678162       6.90213490    
  -14.8603191       6.70967531    
  -15.0503721       6.51286221    
  -15.2378893       6.31172466    
  -15.4227781       6.10629463    
  -15.6049538       5.89660501    
  -15.7843237       5.68269014    
  -15.9608030       5.46458817    
  -16.1343021       5.24233675    
  -16.3047371       5.01597595    
  -16.4720192       4.78554726    
  -16.6360626       4.55109501    
  -16.7967834       4.31266403    
  -16.9540939       4.07030106    
  -17.1079140       3.82405496    
  -17.2581596       3.57397580    
  -17.4047451       3.32011557    
  -17.5475941       3.06252766    
  -17.6866207       2.80126762    
  -17.8217468       2.53639221    
  -17.9528923       2.26795959    
  -18.0799789       1.99603009    
  -18.2029324       1.72066522    
  -18.3216705       1.44192815    
  -18.4361210       1.15988362    
  -18.5462074      0.874597967    
  -18.6518593      0.586139083    
  -18.7530003      0.294576257    
  -18.8495617      -1.96242236E-05
  -18.9414730     -0.297576278    
  -19.0286617     -0.598019898    
  -19.1110649     -0.901275277    
  -19.1886120      -1.20726573    
  -19.2612400      -1.51591325    
  -19.3288822      -1.82713830    
  -19.3914776      -2.14086032    
  -19.4489613      -2.45699692    
  -19.5012760      -2.77546477    
  -19.5483646      -3.09617853    
  -19.5901642      -3.41905332    
  -19.6266212      -3.74400091    
  -19.6576805      -4.07093334    
  -19.6832905      -4.39976025    
  -19.7033978      -4.73039103    
  -19.7179508      -5.06273365    
  -19.7269039      -5.39669514    
  -19.7302094      -5.73218012    
  -19.7278194      -6.06909466    
  -19.7196922      -6.40734148    
  -19.7057819      -6.74682283    
  -19.6860523      -7.08744144    
  -19.6604633      -7.42909670    
  -19.6289768      -7.77168846    
  -19.5915546      -8.11511517    
  -19.5481682      -8.45927525    
  -19.4987812      -8.80406570    
  -19.4433651      -9.14938164    
  -19.3818913      -9.49512005    
  -19.3143330      -9.84117413    
  -19.2406635      -10.1874380    
  -19.1608639      -10.5338049    
  -19.0749073      -10.8801670    
  -18.9827805      -11.2264166    
  -18.8844604      -11.5724449    
  -18.7799358      -11.9181423    
  -18.6691895      -12.2633982    
  -18.5522099      -12.6081038    
  -18.4289913      -12.9521475    
  -18.2995224      -13.2954178    
  -18.1637974      -13.6378012    
  -18.0218143      -13.9791889    
  -17.8735695      -14.3194666    
  -17.7190628      -14.6585226    
  -17.5582962      -14.9962416    
  -17.3912754      -15.3325138    
  -17.2180061      -15.6672220    
  -17.0384960      -16.0002556    
  -16.8527527      -16.3314991    
  -16.6607933      -16.6608391    
  -16.4626293      -16.9881630    
  -16.2582779      -17.3133545    
  -16.0477543      -17.6363010    
  -15.8310833      -17.9568882    
  -15.6082878      -18.2750015    
  -15.3793859      -18.5905285    
  -15.1444101      -18.9033585    
  -14.9033842      -19.2133732    
  -14.6563444      -19.5204659    
  -14.4033184      -19.8245163    
  -14.1443453      -20.1254196    
  -13.8794584      -20.4230556    
  -13.6086988      -20.7173195    
  -13.3321066      -21.0080948    
  -13.0497255      -21.2952747    
  -12.7615986      -21.5787449    
  -12.4677773      -21.8584023    
  -12.1683054      -22.1341286    
  -11.8632383      -22.4058266    
  -11.5526257      -22.6733742    
  -11.2365265      -22.9366779    
  -10.9149942      -23.1956196    
  -10.5880919      -23.4501019    
  -10.2558765      -23.7000160    
  -9.91841507      -23.9452591    
  -9.57576942      -24.1857243    
  -9.22801018      -24.4213161    
  -8.87520218      -24.6519241    
  -8.51742077      -24.8774586    
  -8.15473557      -25.0978069    
  -7.78722334      -25.3128834    
  -7.41495848      -25.5225811    
  -7.03802204      -25.7268105    
  -6.65649271      -25.9254704    
  -6.27045345      -26.1184731    
  -5.87998772      -26.3057194    
  -5.48518229      -26.4871235    
  -5.08612347      -26.6625919    
  -4.68290234      -26.8320370    
  -4.27560806      -26.9953690    
  -3.86433578      -27.1525059    
  -3.44917750      -27.3033581    
  -3.03023171      -27.4478474    
  -2.60759473      -27.5858841    
  -2.18136740      -27.7173996    
  -1.75164962      -27.8423023    
  -1.31854510      -27.9605274    
 -0.882157624      -28.0719891    
 -0.442593247      -28.1766205    
   4.07839361E-05  -28.2743416    
  0.445635587      -28.3650913    
  0.894080758      -28.4487915    
   1.34526467      -28.5253830    
   1.79907417      -28.5947933    
   2.25539470      -28.6569672    
   2.71411014      -28.7118320    
   3.17510390      -28.7593403    
   3.63825655      -28.7994232    
   4.10344982      -28.8320312    
   4.57056093      -28.8571053    
   5.03946972      -28.8746014    
   5.51005030      -28.8844585    
   5.98218107      -28.8866367    
   6.45573378      -28.8810863    
   6.93058491      -28.8677654    
   7.40660286      -28.8466282    
   7.88366318      -28.8176422    
   8.36163139      -28.7807579    
   8.84038258      -28.7359524    
   9.31978035      -28.6831818    
   9.79969597      -28.6224232    
   10.2799931      -28.5536385    
   10.7605419      -28.4768105    
   11.2412033      -28.3919048    
   11.7218456      -28.2989082    
   12.2023287      -28.1977940    
   12.6825209      -28.0885487    
   13.1622801      -27.9711514    
   13.6414728      -27.8455963    
   14.1199560      -27.7118607    
   14.5975962      -27.5699520    
   15.0742483      -27.4198494    
   15.5497780      -27.2615585    
   16.0240421      -27.0950718    
   16.4969006      -26.9203949    
   16.9682140      -26.7375259    
   17.4378395      -26.5464764    
   17.9056377      -26.3472500    
   18.3714676      -26.1398582    
   18.8351841      -25.9243145    
   19.2966518      -25.7006359    
   19.7557240      -25.4688358    
   20.2122631      -25.2289391    
   20.6661224      -24.9809647    
   21.1171665      -24.7249393    
   21.5652523      -24.4608898    
   22.0102367      -24.1888504    
   22.4519806      -23.9088459    
   22.8903427      -23.6209202    
   23.3251839      -23.3250999    
   23.7563648      -23.0214367    
   24.1837425      -22.7099628    
   24.6071815      -22.3907299    
   25.0265369      -22.0637817    
   25.4416828      -21.7291698    
   25.8524666      -21.3869438    
   26.2587643      -21.0371590    
   26.6604328      -20.6798744    
   27.0573406      -20.3151474    
   27.4493446      -19.9430389    
   27.8363209      -19.5636177    
   28.2181282      -19.1769447    
   28.5946407      -18.7830925    
   28.9657192      -18.3821297    
   29.3312397      -17.9741325    
   29.6910686      -17.5591755    
   30.0450821      -17.1373386    
   30.3931465      -16.7086983    
   30.7351398      -16.2733440    
   31.0709324      -15.8313570    
   31.4004078      -15.3828268    
   31.7234306      -14.9278402    
   32.0398941      -14.4664927    
   32.3496666      -13.9988775    
   32.6526375      -13.5250912    
   32.9486771      -13.0452309    
   33.2376823      -12.5594006    
   33.5195312      -12.0677004    
   33.7941170      -11.5702391    
   34.0613174      -11.0671196    
   34.3210373      -10.5584555    
   34.5731506      -10.0443554    
   34.8175621      -9.52493286    
   35.0541649      -9.00030518    
   35.2828560      -8.47059059    
   35.5035324      -7.93590498    
   35.7160912      -7.39637327    
   35.9204407      -6.85211611    
   36.1164856      -6.30326080    
   36.3041229      -5.74993277    
   36.4832687      -5.19226265    
   36.6538277      -4.63037968    
   36.8157158      -4.06441689    
   36.9688416      -3.49450827    
   37.1131325      -2.92079020    
   37.2484894      -2.34339929    
   37.3748474      -1.76247573    
   37.4921227      -1.17815971    
   37.6002388     -0.590593636    
   37.6991234       7.84968943E-05
   37.7887115      0.593711436    
   37.8689194       1.19015825    
   37.9397011       1.78927076    
   38.0009766       2.39089894    
   38.0526924       2.99489260    
   38.0947838       3.60109854    
   38.1272011       4.20936441    
   38.1498795       4.81953335    
   38.1627846       5.43145180    
   38.1658478       6.04496002    
   38.1590347       6.65990210    
   38.1422958       7.27611685    
   38.1155891       7.89344549    
   38.0788803       8.51172447    
   38.0321312       9.13079453    
   37.9753036       9.75048923    
   37.9083748       10.3706465    
   37.8313065       10.9911013    
   37.7440834       11.6116867    
   37.6466713       12.2322359    
   37.5390587       12.8525848    
   37.4212189       13.4725628    
   37.2931519       14.0920038    
   37.1548309       14.7107344    
   37.0062561       15.3285913    
   36.8474159       15.9453983    
   36.6783104       16.5609913    
   36.4989319       17.1751938    
   36.3092918       17.7878399    
   36.1093864       18.3987541    
   35.8992310       19.0077686    
   35.6788292       19.6147079    
   35.4482002       20.2194042    
   35.2073555       20.8216820    
   34.9563217       21.4213715    
   34.6951103       22.0182991    
   34.4237556       22.6122952    
   34.1422806       23.2031860    
   33.8507156       23.7908001    
   33.5490990       24.3749657    
   33.2374649       24.9555149    
   32.9158478       25.5322723    
   32.5842972       26.1050720    
   32.2428551       26.6737385    
   31.8915710       27.2381058    
   31.5304947       27.7980042    
   31.1596832       28.3532658    
   30.7791882       28.9037189    
   30.3890724       29.4492016    
   29.9893990       29.9895420    
   29.5802307       30.5245781    
   29.1616383       31.0541420    
   28.7336941       31.5780716    
   28.2964668       32.0961990    
   27.8500423       32.6083717    
   27.3944893       33.1144142    
   26.9299011       33.6141777    
   26.4563541       34.1074982    
   25.9739418       34.5942192    
   25.4827518       35.0741806    
   24.9828777       35.5472260    
   24.4744205       36.0132065    
   23.9574757       36.4719658    
   23.4321423       36.9233475    
   22.8985291       37.3672104    
   22.3567410       37.8033981    
   21.8068867       38.2317657    
   21.2490826       38.6521683    
   20.6834393       39.0644608    
   20.1100769       39.4684944    
   19.5291157       39.8641396    
   18.9406757       40.2512474    
   18.3448849       40.6296883    
   17.7418671       40.9993210    
   17.1317558       41.3600159    
   16.5146809       41.7116356    
   15.8907804       42.0540581    
   15.2601871       42.3871460    
   14.6230450       42.7107773    
   13.9794922       43.0248337    
   13.3296766       43.3291893    
   12.6737394       43.6237221    
   12.0118341       43.9083214    
   11.3441076       44.1828613    
   10.6707153       44.4472389    
   9.99181080       44.7013435    
   9.30755234       44.9450645    
   8.61809635       45.1782951    
   7.92360687       45.4009323    
   7.22424555       45.6128769    
   6.52017784       45.8140335    
   5.81156921       46.0042953    
   5.09859037       46.1835861    
   4.38140965       46.3518028    
   3.66020107       46.5088615    
   2.93513727       46.6546783    
   2.20639443       46.7891693    
   1.47414982       46.9122543    
  0.738582075       47.0238609    
  -1.28269006E-04   47.1239052    
 -0.741799295       47.2123299    
  -1.48624766       47.2890511    
  -2.23328900       47.3540154    
  -2.98273635       47.4071541    
  -3.73440289       47.4484177    
  -4.48809958       47.4777336    
  -5.24363661       47.4950600    
  -6.00082254       47.5003395    
  -6.75946522       47.4935303    
  -7.51934814       47.4745903    
  -8.28032398       47.4434662    
  -9.04217148       47.4001274    
  -9.80469894       47.3445435    
  -10.5677052       47.2766762    
  -11.3309927       47.1964951    
  -12.0943632       47.1039772    
  -12.8576183       46.9991074    
  -13.6205587       46.8818588    
  -14.3829794       46.7522087    
  -15.1446800       46.6101570    
  -15.9054632       46.4556923    
  -16.6651211       46.2888069    
  -17.4234524       46.1094933    
  -18.1802540       45.9177589    
  -18.9353237       45.7136040    
  -19.6884575       45.4970398    
  -20.4394493       45.2680702    
  -21.1880970       45.0267143    
  -21.9341946       44.7729912    
  -22.6775417       44.5069122    
  -23.4179306       44.2285118    
  -24.1551552       43.9378128    
  -24.8890190       43.6348457    
  -25.6193104       43.3196487    
  -26.3458309       42.9922523    
  -27.0683727       42.6526985    
  -27.7867374       42.3010368    
  -28.5007248       41.9373169    
  -29.2101231       41.5615768    
  -29.9147358       41.1738853    
  -30.6143665       40.7742958    
  -31.3088112       40.3628654    
  -31.9978676       39.9396629    
  -32.6813431       39.5047531    
  -33.3590355       39.0582123    
  -34.0307465       38.6001053    
  -34.6962814       38.1305199    
  -35.3554459       37.6495323    
  -36.0080452       37.1572304    
  -36.6538925       36.6537018    
  -37.2927818       36.1390305    
  -37.9245300       35.6133194    
  -38.5489502       35.0766640    
  -39.1658554       34.5291634    
  -39.7750473       33.9709206    
  -40.3763504       33.4020462    
  -40.9695816       32.8226509    
  -41.5545578       32.2328415    
  -42.1310883       31.6327438    
  -42.6990051       31.0224686    
  -43.2581253       30.4021492    
  -43.8082771       29.7719078    
  -44.3492813       29.1318645    
  -44.8809700       28.4821606    
  -45.4031754       27.8229332    
  -45.9157219       27.1543140    
  -46.4184418       26.4764462    
  -46.9111786       25.7894745    
  -47.3937683       25.0935459    
  -47.8660507       24.3888092    
  -48.3278656       23.6754150    
  -48.7790565       22.9535198    
  -49.2194748       22.2232857    
  -49.6489716       21.4848690    
  -50.0673904       20.7384319    
  -50.4745865       19.9841423    
  -50.8704224       19.2221718    
  -51.2547493       18.4526882    
  -51.6274338       17.6758633    
  -51.9883423       16.8918781    
  -52.3373337       16.1009083    
  -52.6742897       15.3031378    
  -52.9990654       14.4987450    
  -53.3115540       13.6879215    
  -53.6116180       12.8708534    
  -53.8991547       12.0477295    
  -54.1740265       11.2187443    
  -54.4361382       10.3840904    
  -54.6853752       9.54396725    
  -54.9216270       8.69857216    
  -55.1447868       7.84810686    
  -55.3547630       6.99277306    
  -55.5514526       6.13277769    
  -55.7347603       5.26832581    
  -55.9045906       4.39962626    
  -56.0608597       3.52688956    
  -56.2034836       2.65032768    
  -56.3323860       1.77015460    
  -56.4474754      0.886585295    
  -56.5486832      -1.63135745E-04
  -56.6359406     -0.889872313    
  -56.7091827      -1.78232229    
  -56.7683296      -2.67729163    
  -56.8133354      -3.57455802    
  -56.8441391      -4.47389746    
  -56.8606834      -5.37508488    
  -56.8629150      -6.27789307    
  -56.8507957      -7.18209505    
  -56.8242798      -8.08746338    
  -56.7833290      -8.99376774    
  -56.7278938      -9.90077591    
  -56.6579590      -10.8082571    
  -56.5734940      -11.7159824    
  -56.4744644      -12.6237154    
  -56.3608589      -13.5312223    
  -56.2326469      -14.4382696    
  -56.0898361      -15.3446226    
  -55.9323997      -16.2500458    
  -55.7603340      -17.1543026    
  -55.5736389      -18.0571556    
  -55.3723221      -18.9583702    
  -55.1563835      -19.8577080    
  -54.9258308      -20.7549324    
  -54.6806755      -21.6498032    
  -54.4209442      -22.5420876    
  -54.1466522      -23.4315453    
  -53.8578224      -24.3179379    
  -53.5544853      -25.2010269    
  -53.2366753      -26.0805798    
  -52.9044266      -26.9563580    
  -52.5577812      -27.8281212    
  -52.1967773      -28.6956329    
  -51.8214760      -29.5586605    
  -51.4319191      -30.4169693    
  -51.0281639      -31.2703190    
  -50.6102715      -32.1184769    
  -50.1783066      -32.9612083    
  -49.7323341      -33.7982903    
  -49.2724266      -34.6294708    
  -48.7986565      -35.4545364    
  -48.3111115      -36.2732468    
  -47.8098679      -37.0853767    
  -47.2950096      -37.8906898    
  -46.7666321      -38.6889725    
  -46.2248306      -39.4799881    
  -45.6697006      -40.2635155    
  -45.1013412      -41.0393257    
  -44.5198593      -41.8072014    
  -43.9253731      -42.5669212    
  -43.3179855      -43.3182602    
  -42.6978149      -44.0610123    
  -42.0649796      -44.7949448    
  -41.4196129      -45.5198555    
  -40.7618370      -46.2355270    
  -40.0917816      -46.9417496    
  -39.4095802      -47.6383133    
  -38.7153778      -48.3250122    
  -38.0093079      -49.0016365    
  -37.2915230      -49.6679802    
  -36.5621681      -50.3238487    
  -35.8213959      -50.9690475    
  -35.0693665      -51.6033669    
  -34.3062286      -52.2266197    
  -33.5321579      -52.8386116    
  -32.7473145      -53.4391518    
  -31.9518642      -54.0280571    
  -31.1459808      -54.6051369    
  -30.3298397      -55.1702080    
  -29.5036240      -55.7230988    
  -28.6675129      -56.2636223    
  -27.8216858      -56.7916069    
  -26.9663391      -57.3068848    
  -26.1016579      -57.8092842    
  -25.2278385      -58.2986336    
  -24.3450775      -58.7747765    
  -23.4535732      -59.2375488    
  -22.5535336      -59.6868019    
  -21.6451569      -60.1223679    
  -20.7286510      -60.5441055    
  -19.8042297      -60.9518585    
  -18.8721085      -61.3454933    
  -17.9325027      -61.7248688    
  -16.9856281      -62.0898285    
  -16.0317039      -62.4402504    
  -15.0709591      -62.7760162    
  -14.1036158      -63.0969696    
  -13.1299038      -63.4030037    
  -12.1500521      -63.6939926    
  -11.1642933      -63.9698257    
  -10.1728659      -64.2303848    
  -9.17600250      -64.4755554    
  -8.17394447      -64.7052383    
  -7.16693211      -64.9193268    
  -6.15520763      -65.1177216    
  -5.13901758      -65.3003235    
  -4.11860752      -65.4670486    
  -3.09422660      -65.6178055    
  -2.06612492      -65.7525177    
  -1.03455400      -65.8710938    
   2.32532082E-04  -65.9734650    
   1.03797984      -66.0595627    
   2.07843161      -66.1293106    
   3.12132955      -66.1826477    
   4.16641426      -66.2195129    
   5.21342659      -66.2398605    
   6.26210499      -66.2436295    
   7.31218481      -66.2307739    
   8.36340332      -66.2012482    
   9.41549778      -66.1550293    
   10.4681978      -66.0920639    
   11.5212393      -66.0123291    
   12.5743561      -65.9157867    
   13.6272764      -65.8024368    
   14.6797371      -65.6722565    
   15.7314625      -65.5252151    
   16.7821865      -65.3613205    
   17.8316383      -65.1805649    
   18.8795433      -64.9829407    
   19.9256363      -64.7684555    
   20.9696407      -64.5371170    
   22.0112877      -64.2889481    
   23.0503063      -64.0239563    
   24.0864220      -63.7421608    
   25.1193638      -63.4435883    
   26.1488628      -63.1282845    
   27.1746445      -62.7962608    
   28.1964378      -62.4475708    
   29.2139721      -62.0822487    
   30.2269764      -61.7003517    
   31.2351837      -61.3019409    
   32.2383232      -60.8870468    
   33.2361221      -60.4557419    
   34.2283173      -60.0081062    
   35.2146378      -59.5441895    
   36.1948166      -59.0640717    
   37.1685867      -58.5678368    
   38.1356888      -58.0555649    
   39.0958633      -57.5273476    
   40.0488319      -56.9832649    
   40.9943390      -56.4234238    
   41.9321404      -55.8479233    
   42.8619499      -55.2568588    
   43.7835274      -54.6503525    
   44.6966095      -54.0284996    
   45.6009483      -53.3914413    
   46.4962883      -52.7392845    
   47.3823776      -52.0721512    
   48.2589645      -51.3901787    
   49.1258049      -50.6935043    
   49.9826431      -49.9822617    
   50.8292465      -49.2565842    
   51.6653633      -48.5166321    
   52.4907646      -47.7625504    
   53.3052101      -46.9944992    
   54.1084595      -46.2126274    
   54.9002800      -45.4171028    
   55.6804466      -44.6080933    
   56.4487190      -43.7857628    
   57.2048836      -42.9502869    
   57.9487038      -42.1018524    
   58.6799698      -41.2406311    
   59.3984642      -40.3668175    
   60.1039658      -39.4805870    
   60.7962570      -38.5821419    
   61.4751472      -37.6716843    
   62.1404076      -36.7494011    
   62.7918358      -35.8155022    
   63.4292450      -34.8701935    
   64.0524292      -33.9136925    
   64.6612015      -32.9462051    
   65.2553558      -31.9679470    
   65.8347092      -30.9791431    
   66.3990936      -29.9800205    
   66.9483032      -28.9708004    
   67.4821701      -27.9517136    
   68.0005188      -26.9229946    
   68.5031815      -25.8848820    
   68.9899902      -24.8376102    
   69.4607773      -23.7814274    
   69.9153900      -22.7165737    
   70.3536682      -21.6433010    
   70.7754517      -20.5618572    
   71.1805954      -19.4724960    
   71.5689545      -18.3754749    
   71.9403992      -17.2710533    
   72.2947922      -16.1594906    
   72.6319809      -15.0410509    
   72.9518509      -13.9160013    
   73.2542877      -12.7846107    
   73.5391464      -11.6471472    
   73.8063202      -10.5038862    
   74.0557098      -9.35510254    
   74.2871933      -8.20107269    
   74.5006866      -7.04207802    
   74.6960602      -5.87839699    
   74.8732376      -4.71031332    
   75.0321350      -3.53811407    
   75.1726532      -2.36208344    
   75.2947159      -1.18251085    
   75.3982468       3.13987577E-04
   75.4831772       1.18609941    
   75.5494385       2.37455249    
   75.5969620       3.56537914    
   75.6256943       4.75828314    
   75.6355896       5.95296907    
   75.6265793       7.14913750    
   75.5986328       8.34648800    
   75.5517044       9.54472446    
   75.4857712       10.7435408    
   75.4008026       11.9426403    
   75.2967529       13.1417160    
   75.1736145       14.3404655    
   75.0313873       15.5385857    
   74.8700409       16.7357712    
   74.6895676       17.9317150    
   74.4899826       19.1261139    
   74.2712784       20.3186646    
   74.0334778       21.5090561    
   73.7765732       22.6969833    
   73.5005875       23.8821392    
   73.2055740       25.0642204    
   72.8915176       26.2429161    
   72.5584869       27.4179249    
   72.2064972       28.5889359    
   71.8356094       29.7556458    
   71.4458694       30.9177532    
   71.0373154       32.0749474    
   70.6100159       33.2269249    
   70.1640396       34.3733864    
   69.6994400       35.5140228    
   69.2163086       36.6485329    
   68.7146988       37.7766190    
   68.1947174       38.8979759    
   67.6564484       40.0123138    
   67.0999756       41.1193237    
   66.5253983       42.2187119    
   65.9328232       43.3101845    
   65.3223572       44.3934441    
   64.6940994       45.4682007    
   64.0481796       46.5341606    
   63.3847198       47.5910301    
   62.7038460       48.6385345    
   62.0056801       49.6763687    
   61.2903671       50.7042580    
   60.5580482       51.7219238    
   59.8088570       52.7290764    
   59.0429535       53.7254372    
   58.2604904       54.7107315    
   57.4616241       55.6846848    
   56.6465225       56.6470299    
   55.8153496       57.5974884    
   54.9682770       58.5357971    
   54.1054840       59.4616890    
   53.2271538       60.3749008    
   52.3334694       61.2751770    
   51.4246140       62.1622543    
   50.5007973       63.0358810    
   49.5622101       63.8958130    
   48.6090508       64.7417908    
   47.6415253       65.5735626    
   46.6598625       66.3909073    
   45.6642570       67.1935654    
   44.6549301       67.9813156    
   43.6321182       68.7539139    
   42.5960388       69.5111313    
   41.5469322       70.2527542    
   40.4850159       70.9785461    
   39.4105415       71.6882935    
   38.3237534       72.3817749    
   37.2248840       73.0587845    
   36.1141968       73.7191086    
   34.9919395       74.3625488    
   33.8583679       74.9889069    
   32.7137489       75.5979767    
   31.5583363       76.1895676    
   30.3924026       76.7634964    
   29.2162209       77.3195724    
   28.0300579       77.8576202    
   26.8341923       78.3774567    
   25.6289043       78.8789139    
   24.4144783       79.3618240    
   23.1912003       79.8260345    
   21.9593525       80.2713623    
   20.7192345       80.6976700    
   19.4711361       81.1048050    
   18.2153530       81.4926147    
   16.9521866       81.8609619    
   15.6819391       82.2097092    
   14.4049129       82.5387344    
   13.1214170       82.8479080    
   11.8317575       83.1370926    
   10.5362482       83.4061890    
   9.23520374       83.6550751    
   7.92893553       83.8836441    
   6.61776400       84.0917969    
   5.30200815       84.2794266    
   3.98198867       84.4464493    
   2.65802979       84.5927887    
   1.33045542       84.7183380    
  -4.07502230E-04   84.8230286    
  -1.33423114       84.9067993    
  -2.67068601       84.9695663    
  -4.00944090       85.0112762    
  -5.35016441       85.0318680    
  -6.69252253       85.0312958    
  -8.03618145       85.0095215    
  -9.38080406       84.9664841    
  -10.7260551       84.9021530    
  -12.0716000       84.8165207    
  -13.4170942       84.7095337    
  -14.7622032       84.5811768    
  -16.1065865       84.4314423    
  -17.4499035       84.2603226    
  -18.7918167       84.0678177    
  -20.1319790       83.8539200    
  -21.4700565       83.6186371    
  -22.8057022       83.3619995    
  -24.1385784       83.0840073    
  -25.4683399       82.7846832    
  -26.7946472       82.4640656    
  -28.1171608       82.1221848    
  -29.4355392       81.7590866    
  -30.7494373       81.3748093    
  -32.0585213       80.9694061    
  -33.3624458       80.5429459    
  -34.6608734       80.0954590    
  -35.9534683       79.6270447    
  -37.2398911       79.1377640    
  -38.5197983       78.6277008    
  -39.7928696       78.0969391    
  -41.0587540       77.5455551    
  -42.3171272       76.9736557    
  -43.5676537       76.3813400    
  -44.8100014       75.7687073    
  -46.0438423       75.1358719    
  -47.2688446       74.4829559    
  -48.4846840       73.8100662    
  -49.6910400       73.1173553    
  -50.8875809       72.4049301    
  -52.0739899       71.6729355    
  -53.2499466       70.9215164    
  -54.4151268       70.1508255    
  -55.5692253       69.3610077    
  -56.7119179       68.5522232    
  -57.8428993       67.7246399    
  -58.9618683       66.8784256    
  -60.0685081       66.0137482    
  -61.1625099       65.1307907    
  -62.2435875       64.2297440    
  -63.3114281       63.3107796    
  -64.3657455       62.3740997    
  -65.4062347       61.4199104    
  -66.4326172       60.4484024    
  -67.4446030       59.4597969    
  -68.4419022       58.4542961    
  -69.4242401       57.4321213    
  -70.3913345       56.3934937    
  -71.3429184       55.3386421    
  -72.2787018       54.2677956    
  -73.1984329       53.1811943    
  -74.1018448       52.0790749    
  -74.9886780       50.9616852    
  -75.8586731       49.8292656    
  -76.7115707       48.6820831    
  -77.5471420       47.5203934    
  -78.3651123       46.3444443    
  -79.1652603       45.1545181    
  -79.9473343       43.9508743    
  -80.7111130       42.7337952    
  -81.4563751       41.5035553    
  -82.1828690       40.2604370    
  -82.8903961       39.0047226    
  -83.5787277       37.7367096    
  -84.2476578       36.4566879    
  -84.8969650       35.1649513    
  -85.5264740       33.8618011    
  -86.1359634       32.5475464    
  -86.7252502       31.2224922    
  -87.2941360       29.8869438    
  -87.8424454       28.5412235    
  -88.3700027       27.1856461    
  -88.8766174       25.8205299    
  -89.3621292       24.4462013    
  -89.8263779       23.0629826    
  -90.2691956       21.6712055    
  -90.6904373       20.2712040    
  -91.0899429       18.8633118    
  -91.4675751       17.4478645    
  -91.8231964       16.0252056    
  -92.1566696       14.5956755    
  -92.4678650       13.1596184    
  -92.7566681       11.7173834    
  -93.0229492       10.2693205    
  -93.2666092       8.81578159    
  -93.4875336       7.35711908    
  -93.6856232       5.89368963    
  -93.8607788       4.42585182    
  -94.0129166       2.95396399    
  -94.1419601       1.47838807    
  -94.2478104      -5.13076026E-04
  -94.3304138      -1.48237479    
  -94.3896942      -2.96683097    
  -94.4255905      -4.45351458    
  -94.4380493      -5.94205713    
  -94.4270248      -7.43208838    
  -94.3924637      -8.92323780    
  -94.3343430      -10.4151316    
  -94.2526093      -11.9074001    
  -94.1472549      -13.3996668    
  -94.0182571      -14.8915596    
  -93.8655930      -16.3827019    
  -93.6892624      -17.8727188    
  -93.4892731      -19.3612347    
  -93.2655945      -20.8478737    
  -93.0182648      -22.3322563    
  -92.7472992      -23.8140068    
  -92.4527130      -25.2927513    
  -92.1345367      -26.7681103    
  -91.7927856      -28.2397099    
  -91.4275589      -29.7070808    
  -91.0388412      -31.1699390    
  -90.6267166      -32.6279030    
  -90.1912308      -34.0806084    
  -89.7324524      -35.5276756    
  -89.2504349      -36.9687309    
  -88.7452774      -38.4033966    
  -88.2170486      -39.8313103    
  -87.6658325      -41.2520905    
  -87.0917206      -42.6653748    
  -86.4948349      -44.0707893    
  -85.8752594      -45.4679718    
  -85.2331238      -46.8565559    
  -84.5685196      -48.2361717    
  -83.8815918      -49.6064529    
  -83.1724625      -50.9670525    
  -82.4412689      -52.3176041    
  -81.6881485      -53.6577377    
  -80.9132462      -54.9871178    
  -80.1167297      -56.3053780    
  -79.2987366      -57.6121712    
  -78.4594345      -58.9071388    
  -77.5990067      -60.1899452    
  -76.7176285      -61.4602394    
  -75.8154602      -62.7176933    
  -74.8927002      -63.9619408    
  -73.9495392      -65.1926651    
  -72.9861908      -66.4095230    
  -72.0028381      -67.6121979    
  -70.9996948      -68.8003387    
  -69.9769745      -69.9736404    
  -68.9348907      -71.1317673    
  -67.8736877      -72.2744141    
  -66.7935715      -73.4012451    
  -65.6947861      -74.5119629    
  -64.5775757      -75.6062622    
  -63.4421921      -76.6838303    
  -62.2888680      -77.7443619    
  -61.1178627      -78.7875671    
  -59.9294472      -79.8131561    
  -58.7238770      -80.8208313    
  -57.5014191      -81.8102951    
  -56.2623558      -82.7812805    
  -55.0069695      -83.7335205    
  -53.7355385      -84.6667252    
  -52.4483452      -85.5806198    
  -51.1456871      -86.4749451    
  -49.8278694      -87.3494568    
  -48.4951859      -88.2038803    
  -47.1479454      -89.0379715    
  -45.7864494      -89.8514709    
  -44.4110298      -90.6441650    
  -43.0219917      -91.4157944    
  -41.6196594      -92.1661224    
  -40.2043610      -92.8949356    
  -38.7764282      -93.6020126    
  -37.3361969      -94.2871246    
  -35.8839951      -94.9500656    
  -34.4201775      -95.5906296    
  -32.9450836      -96.2086182    
  -31.4590588      -96.8038254    
  -29.9624557      -97.3760681    
  -28.4556332      -97.9251480    
  -26.9389458      -98.4509048    
  -25.4127598      -98.9531555    
  -23.8774357      -99.4317245    
  -22.3333416      -99.8864594    
  -20.7808495      -100.317200    
  -19.2203331      -100.723793    
  -17.6521645      -101.106087    
  -16.0767250      -101.463943    
  -14.4943972      -101.797241    
  -12.9055624      -102.105835    
  -11.3106060      -102.389610    
  -9.70991707      -102.648453    
  -8.10388565      -102.882248    
  -6.49290276      -103.090897    
  -4.87736368      -103.274292    
  -3.25766468      -103.432358    
  -1.63420272      -103.564995    
  -7.37771951E-03  -103.672134    
   1.62240946      -103.753685    
   3.25475669      -103.809601    
   4.88925982      -103.839821    
   6.52551413      -103.844276    
   8.16311264      -103.822922    
   9.80164719      -103.775719    
   11.4407129      -103.702652    
   13.0798988      -103.603668    
   14.7187939      -103.478752    
   16.3569889      -103.327888    
   17.9940739      -103.151077    
   19.6296349      -102.948311    
   21.2632599      -102.719582    
   22.8945389      -102.464912    
   24.5230598      -102.184326    
   26.1484108      -101.877846    
   27.7701759      -101.545479    
   29.3879452      -101.187279    
   31.0013084      -100.803307    
   32.6098518      -100.393593    
   34.2131653      -99.9581833    
   35.8108406      -99.4971619    
   37.4024696      -99.0105896    
   38.9876366      -98.4985504    
   40.5659370      -97.9611130    
   42.1369667      -97.3983841    
   43.7003174      -96.8104401    
   45.2555885      -96.1974106    
   46.8023682      -95.5593796    
   48.3402596      -94.8964615    
   49.8688698      -94.2088089    
   51.3877907      -93.4965210    
   52.8966255      -92.7597351    
   54.3949814      -91.9985962    
   55.8824730      -91.2132645    
   57.3586998      -90.4038773    
   58.8232727      -89.5706024    
   60.2758026      -88.7136002    
   61.7159195      -87.8330536    
   63.1432381      -86.9291458    
   64.5573654      -86.0020370    
   65.9579315      -85.0519333    
   67.3445740      -84.0790405    
   68.7169037      -83.0835571    
   70.0745621      -82.0656815    
   71.4171906      -81.0256348    
   72.7444229      -79.9636536    
   74.0558929      -78.8799515    
   75.3512497      -77.7747574    
   76.6301422      -76.6483078    
   77.8922272      -75.5008698    
   79.1371613      -74.3326721    
   80.3645859      -73.1439743    
   81.5741806      -71.9350510    
   82.7656174      -70.7061615    
   83.9385529      -69.4575729    
   85.0926666      -68.1895676    
   86.2276306      -66.9024277    
   87.3431473      -65.5964432    
   88.4388962      -64.2719193    
   89.5145569      -62.9291344    
   90.5698395      -61.5684052    
   91.6044540      -60.1900368    
   92.6180878      -58.7943535    
   93.6104584      -57.3816528    
   94.5812759      -55.9522743    
   95.5302734      -54.5065536    
   96.4571762      -53.0448074    
   97.3616943      -51.5673828    
   98.2435837      -50.0746155    
   99.1025848      -48.5668678    
   99.9384384      -47.0444717    
   100.750893      -45.5077896    
   101.539703      -43.9571877    
   102.304657      -42.3930244    
   103.045502      -40.8156624    
   103.762009      -39.2254829    
   104.453957      -37.6228561    
   105.121155      -36.0081635    
   105.763374      -34.3817863    
   106.380409      -32.7441101    
   106.972069      -31.0955257    
   107.538177      -29.4364281    
   108.078529      -27.7672157    
   108.592949      -26.0882816    
   109.081276      -24.4000340    
   109.543343      -22.7028809    
   109.978973      -20.9972248    
   110.388031      -19.2834816    
   110.770370      -17.5620651    
   111.125847      -15.8333921    
   111.454323      -14.0978813    
   111.755669      -12.3559561    
   112.029770      -10.6080399    
   112.276520      -8.85455990    
   112.495804      -7.09594440    
   112.687508      -5.33262253    
   112.851555      -3.56502867    
   112.987869      -1.79359663    
   113.096344      -1.87617373E-02
   113.176910       1.75903809    
   113.229523       3.53936410    
   113.254097       5.32177591    
   113.250610       7.10583210    
   113.218979       8.89108944    
   113.159187       10.6771040    
   113.071205       12.4634333    
   112.955009       14.2496290    
   112.810570       16.0352459    
   112.637878       17.8198395    
   112.436943       19.6029625    
   112.207764       21.3841629    
   111.950340       23.1629944    
   111.664696       24.9390125    
   111.350861       26.7117691    
   111.008873       28.4808121    
   110.638756       30.2456970    
   110.240562       32.0059738    
   109.814346       33.7612000    
   109.360176       35.5109291    
   108.878098       37.2547073    
   108.368202       38.9920959    
   107.830574       40.7226524    
   107.265312       42.4459343    
   106.672478       44.1614952    
   106.052200       45.8688965    
   105.404579       47.5676994    
   104.729752       49.2574692    
   104.027817       50.9377594    
   103.298912       52.6081429    
   102.543182       54.2681885    
   101.760773       55.9174614    
   100.951828       57.5555344    
   100.116508       59.1819763    
   99.2549973       60.7963676    
   98.3674469       62.3982887    
   97.4540329       63.9873123    
   96.5149612       65.5630188    
   95.5504150       67.1250076    
   94.5606003       68.6728592    
   93.5457001       70.2061615    
   92.5059586       71.7245026    
   91.4415817       73.2275009    
   90.3527908       74.7147446    
   89.2398224       76.1858368    
   88.1029129       77.6403732    
   86.9423141       79.0779877    
   85.7582779       80.4982758    
   84.5510559       81.9008713    
   83.3209152       83.2853775    
   82.0681229       84.6514435    
   80.7929688       85.9986801    
   79.4957123       87.3267212    
   78.1766510       88.6352158    
   76.8360977       89.9238129    
   75.4743347       91.1921310    
   74.0916595       92.4398499    
   72.6884003       93.6666031    
   71.2648773       94.8720779    
   69.8214035       96.0559235    
   68.3583069       97.2178040    
   66.8759232       98.3574066    
   65.3745956       99.4744110    
   63.8546677       100.568497    
   62.3164864       101.639359    
   60.7604027       102.686691    
   59.1867867       103.710205    
   57.5959969       104.709602    
   55.9883995       105.684578    
   54.3643761       106.634872    
   52.7243042       107.560211    
   51.0685692       108.460320    
   49.3975525       109.334923    
   47.7116508       110.183777    
   46.0112648       111.006622    
   44.2967911       111.803215    
   42.5686378       112.573318    
   40.8272133       113.316689    
   39.0729332       114.033112    
   37.3062134       114.722366    
   35.5274696       115.384224    
   33.7371330       116.018494    
   31.9356346       116.624969    
   30.1233997       117.203453    
   28.3008652       117.753754    
   26.4684715       118.275703    
   24.6266594       118.769112    
   22.7758732       119.233826    
   20.9165573       119.669685    
   19.0491676       120.076515    
   17.1741524       120.454201    
   15.2919722       120.802582    
   13.4030809       121.121536    
   11.5079412       121.410919    
   9.60701466       121.670647    
   7.70076752       121.900589    
   5.78966522       122.100639    
   3.87417769       122.270706    
   1.95477569       122.410698    
   3.19312215E-02   122.520546    
  -1.89388144       122.600166    
  -3.82218671       122.649490    
  -5.75250816       122.668472    
  -7.68436766       122.657051    
  -9.61728668       122.615173    
  -11.5507832       122.542816    
  -13.4843769       122.439964    
  -15.4175882       122.306572    
  -17.3499317       122.142632    
  -19.2809258       121.948143    
  -21.2100887       121.723114    
  -23.1369362       121.467552    
  -25.0609818       121.181458    
  -26.9817429       120.864861    
  -28.8987408       120.517815    
  -30.8114853       120.140350    
  -32.7194939       119.732498    
  -34.6222878       119.294327    
  -36.5193863       118.825912    
  -38.4103050       118.327301    
  -40.2945595       117.798584    
  -42.1716728       117.239853    
  -44.0411720       116.651199    
  -45.9025764       116.032715    
  -47.7554054       115.384514    
  -49.5991859       114.706726    
  -51.4334564       113.999458    
  -53.2577324       113.262840    
  -55.0715446       112.497025    
  -56.8744278       111.702164    
  -58.6659279       110.878395    
  -60.4455681       110.025887    
  -62.2128830       109.144806    
  -63.9674301       108.235336    
  -65.7087402       107.297661    
  -67.4363708       106.331970    
  -69.1498566       105.338448    
  -70.8487549       104.317322    
  -72.5326309       103.268806    
  -74.2010345       102.193100    
  -75.8535309       101.090446    
  -77.4896698       99.9610748    
  -79.1090393       98.8052292    
  -80.7112122       97.6231613    
  -82.2957382       96.4151230    
  -83.8622131       95.1813660    
  -85.4102325       93.9221802    
  -86.9393768       92.6378326    
  -88.4492111       91.3285980    
  -89.9393616       89.9947739    
  -91.4094162       88.6366653    
  -92.8589859       87.2545547    
  -94.2876587       85.8487625    
  -95.6950760       84.4195938    
  -97.0808411       82.9673843    
  -98.4445801       81.4924622    
  -99.7859192       79.9951477    
  -101.104485       78.4757919    
  -102.399933       76.9347458    
  -103.671898       75.3723297    
  -104.920013       73.7889404    
  -106.143951       72.1849213    
  -107.343376       70.5606461    
  -108.517944       68.9164963    
  -109.667328       67.2528381    
  -110.791191       65.5700684    
  -111.889259       63.8685722    
  -112.961166       62.1487465    
  -114.006630       60.4109955    
  -115.025360       58.6557236    
  -116.017052       56.8833427    
  -116.981445       55.0942802    
  -117.918221       53.2889404    
  -118.827126       51.4677544    
  -119.707909       49.6311607    
  -120.560280       47.7795792    
  -121.383995       45.9134636    
  -122.178810       44.0332489    
  -122.944489       42.1393852    
  -123.680809       40.2323341    
  -124.387520       38.3125381    
  -125.064415       36.3804550    
  -125.711296       34.4365616    
  -126.327934       32.4813118    
  -126.914139       30.5151844    
  -127.469727       28.5386467    
  -127.994522       26.5521812    
  -128.488342       24.5562725    
  -128.951019       22.5513916    
  -129.382385       20.5380306    
  -129.782303       18.5166836    
  -130.150620       16.4878349    
  -130.487198       14.4519796    
  -130.791901       12.4096184    
  -131.064621       10.3612480    
  -131.305267       8.30737209    
  -131.513687       6.24849081    
  -131.689789       4.18511057    
  -131.833511       2.11773992    
  -131.944748       4.68861721E-02
  -132.023438      -2.02693939    
  -132.069519      -4.10322475    
  -132.082916      -6.18145704    
  -132.063599      -8.26112175    
  -132.011505      -10.3417025    
  -131.926620      -12.4226837    
  -131.808914      -14.5035486    
  -131.658356      -16.5837765    
  -131.474945      -18.6628513    
  -131.258698      -20.7402496    
  -131.009583      -22.8154564    
  -130.727661      -24.8879547    
  -130.412933      -26.9572182    
  -130.065414      -29.0227318    
  -129.685181      -31.0839767    
  -129.272263      -33.1404266    
  -128.826706      -35.1915741    
  -128.348602      -37.2368889    
  -127.837990      -39.2758636    
  -127.294991      -41.3079834    
  -126.719658      -43.3327179    
  -126.112106      -45.3495674    
  -125.472450      -47.3580208    
  -124.800789      -49.3575554    
  -124.097244      -51.3476601    
  -123.361946      -53.3278427    
  -122.595047      -55.2975769    
  -121.796707      -57.2563782    
  -120.967033      -59.2037239    
  -120.106224      -61.1391296    
  -119.214447      -63.0620918    
  -118.291862      -64.9721069    
  -117.338669      -66.8686905    
  -116.355072      -68.7513504    
  -115.341255      -70.6195831    
  -114.297447      -72.4729385    
  -113.223846      -74.3109055    
  -112.120689      -76.1330109    
  -110.988220      -77.9387970    
  -109.826660      -79.7277679    
  -108.636253      -81.4994583    
  -107.417274      -83.2534256    
  -106.169991      -84.9891815    
  -104.894669      -86.7062988    
  -103.591568      -88.4042892    
  -102.260994      -90.0827255    
  -100.903252      -91.7411652    
  -99.5186005      -93.3791580    
  -98.1073837      -94.9962692    
  -96.6698990      -96.5920715    
  -95.2064743      -98.1661377    
  -93.7174454      -99.7180557    
  -92.2031250      -101.247391    
  -90.6638718      -102.753746    
  -89.1000443      -104.236717    
  -87.5119705      -105.695885    
  -85.9000320      -107.130859    
  -84.2645874      -108.541267    
  -82.6060181      -109.926712    
  -80.9247131      -111.286819    
  -79.2210312      -112.621201    
  -77.4953918      -113.929504    
  -75.7481918      -115.211380    
  -73.9798355      -116.466438    
  -72.1907120      -117.694359    
  -70.3812561      -118.894791    
  -68.5519028      -120.067398    
  -66.7030640      -121.211861    
  -64.8351669      -122.327843    
  -62.9486580      -123.415031    
  -61.0439949      -124.473122    
  -59.1216049      -125.501801    
  -57.1819496      -126.500778    
  -55.2254944      -127.469765    
  -53.2526932      -128.408478    
  -51.2640266      -129.316666    
  -49.2599602      -130.194031    
  -47.2409668      -131.040329    
  -45.2075386      -131.855301    
  -43.1601562      -132.638702    
  -41.0993080      -133.390289    
  -39.0254898      -134.109833    
  -36.9392052      -134.797119    
  -34.8409538      -135.451965    
  -32.7312393      -136.074112    
  -30.6105690      -136.663376    
  -28.4794598      -137.219589    
  -26.3384247      -137.742523    
  -24.1879845      -138.232040    
  -22.0286579      -138.687973    
  -19.8609772      -139.110138    
  -17.6854649      -139.498444    
  -15.5026531      -139.852661    
  -13.3130741      -140.172714    
  -11.1172647      -140.458496    
  -8.91575813      -140.709824    
  -6.70909977      -140.926636    
  -4.49782896      -141.108826    
  -2.28248930      -141.256271    
  -6.36265874E-02  -141.368958    
   2.15821218      -141.446747    
   4.38247871      -141.489594    
   6.60862303      -141.497452    
   8.83609390      -141.470261    
   11.0643396      -141.407974    
   13.2928066      -141.310577    
   15.5209417      -141.178040    
   17.7481918      -141.010361    
   19.9740009      -140.807510    
   22.1978092      -140.569519    
   24.4190693      -140.296387    
   26.6372204      -139.988113    
   28.8517075      -139.644760    
   31.0619755      -139.266357    
   33.2674713      -138.852966    
   35.4676399      -138.404617    
   37.6619225      -137.921387    
   39.8497696      -137.403351    
   42.0306358      -136.850616    
   44.2039566      -136.263214    
   46.3691864      -135.641296    
   48.5257835      -134.984955    
   50.6731873      -134.294312    
   52.8108711      -133.569504    
   54.9382706      -132.810638    
   57.0548515      -132.017899    
   59.1600838      -131.191406    
   61.2534103      -130.331314    
   63.3343010      -129.437820    
   65.4022369      -128.511093    
   67.4566650      -127.551308    
   69.4970779      -126.558693    
   71.5229340      -125.533417    
   73.5337219      -124.475700    
   75.5289230      -123.385796    
   77.5080032      -122.263878    
   79.4704666      -121.110214    
   81.4157944      -119.925056    
   83.3434906      -118.708641    
   85.2530594      -117.461250    
   87.1439743      -116.183144    
   89.0157623      -114.874580    
   90.8679352      -113.535881    
   92.7000046      -112.167313    
   94.5114746      -110.769188    
   96.3018875      -109.341812    
   98.0707626      -107.885506    
   99.8176422      -106.400604    
   101.542038      -104.887405    
   103.243515      -103.346283    
   104.921638      -101.777580    
   106.575912      -100.181633    
   108.205925      -98.5588150    
   109.811241      -96.9094849    
   111.391418      -95.2340393    
   112.946053      -93.5328522    
   114.474693      -91.8063049    
   115.976959      -90.0547943    
   117.452423      -88.2787399    
   118.900688      -86.4785233    
   120.321350      -84.6545868    
   121.714050      -82.8073425    
   123.078369      -80.9372177    
   124.413979      -79.0446701    
   125.720459      -77.1301041    
   126.997475      -75.1939926    
   128.244690      -73.2367859    
   129.461700      -71.2589417    
   130.648224      -69.2609177    
   131.803894      -67.2431870    
   132.928375      -65.2062378    
   134.021408      -63.1505470    
   135.082611      -61.0765877    
   136.111710      -58.9848747    
   137.108414      -56.8758888    
   138.072403      -54.7501335    
   139.003448      -52.6081238    
   139.901230      -50.4503632    
   140.765503      -48.2773705    
   141.596024      -46.0896759    
   142.392532      -43.8877869    
   143.154755      -41.6722412    
   143.882523      -39.4435768    
   144.575562      -37.2023277    
   145.233658      -34.9490280    
   145.856628      -32.6842308    
   146.444260      -30.4084778    
   146.996368      -28.1223297    
   147.512756      -25.8263359    
   147.993271      -23.5210514    
   148.437759      -21.2070427    
   148.846024      -18.8848705    
   149.217926      -16.5551014    
   149.553360      -14.2183065    
   149.852173      -11.8750572    
   150.114273      -9.52592754    
   150.339493      -7.17149258    
   150.527786      -4.81233120    
   150.679047      -2.44902396    
   150.793167      -8.21524709E-02
   150.870087       2.28769970    
   150.909729       4.65994740    
   150.912048       7.03400421    
   150.877029       9.40928364    
   150.804581       11.7851963    
   150.694717       14.1611519    
   150.547394       16.5365639    
   150.362595       18.9108372    
   150.140335       21.2833805    
   149.880615       23.6536064    
   149.583450       26.0209179    
   149.248901       28.3847313    
   148.876953       30.7444477    
   148.467697       33.0994797    
   148.021164       35.4492378    
   147.537430       37.7931252    
   147.016541       40.1305542    
   146.458618       42.4609451    
   145.863739       44.7836952    
   145.232010       47.0982399    
   144.563522       49.4039726    
   143.858414       51.7003174    
   143.116837       53.9866982    
   142.338898       56.2625275    
   141.524734       58.5272293    
   140.674530       60.7802238    
   139.788452       63.0209465    
   138.866699       65.2488251    
   137.909393       67.4632797    
   136.916779       69.6637497    
   135.889038       71.8496780    
   134.826385       74.0204926    
   133.729050       76.1756363    
   132.597244       78.3145599    
   131.431229       80.4367142    
   130.231262       82.5415573    
   128.997559       84.6285324    
   127.730423       86.6970978    
   126.430115       88.7467346    
   125.096901       90.7769012    
   123.731087       92.7870560    
   122.332970       94.7766953    
   120.902863       96.7452927    
   119.441101       98.6923370    
   117.947968       100.617302    
   116.423798       102.519707    
   114.868980       104.399048    
   113.283813       106.254822    
   111.668678       108.086533    
   110.023933       109.893707    
   108.349953       111.675865    
   106.647125       113.432541    
   104.915825       115.163254    
   103.156448       116.867546    
   101.369408       118.544975    
   99.5551071       120.195068    
   97.7139740       121.817406    
   95.8464127       123.411545    
   93.9528656       124.977043    
   92.0337830       126.513504    
   90.0895996       128.020493    
   88.1207657       129.497574    
   86.1277542       130.944412    
   84.1110077       132.360550    
   82.0710220       133.745621    
   80.0082550       135.099258    
   77.9232178       136.421066    
   75.8163757       137.710693    
   73.6882401       138.967758    
   71.5393066       140.191925    
   69.3700943       141.382874    
   67.1810989       142.540237    
   64.9728622       143.663696    
   62.7458878       144.752930    
   60.5007210       145.807617    
   58.2379036       146.827499    
   55.9579544       147.812225    
   53.6614380       148.761536    
   51.3488960       149.675156    
   49.0208893       150.552811    
   46.6779671       151.394241    
   44.3207054       152.199188    
   41.9496651       152.967407    
   39.5654259       153.698700    
   37.1685524       154.392792    
   34.7596321       155.049484    
   32.3392525       155.668579    
   29.9079914       156.249863    
   27.4664459       156.793167    
   25.0152054       157.298294    
   22.5548706       157.765076    
   20.0860443       158.193375    
   17.6093235       158.583008    
   15.1253166       158.933838    
   12.6346312       159.245743    
   10.1378775       159.518600    
   7.63566828       159.752289    
   5.12861776       159.946701    
   2.61734366       160.101746    
  0.102463819       160.217361    
  -2.41540194       160.293442    
  -4.93563175       160.329910    
  -7.45760345       160.326767    
  -9.98069191       160.283920    
  -12.5042725       160.201340    
  -15.0277205       160.079010    
  -17.5504055       159.916901    
  -20.0717087       159.715042    
  -22.5909939       159.473389    
  -25.1076355       159.191986    
  -27.6210117       158.870865    
  -30.1304874       158.510025    
  -32.6354370       158.109528    
  -35.1352386       157.669418    
  -37.6292572       157.189774    
  -40.1168747       156.670670    
  -42.5974655       156.112167    
  -45.0703964       155.514374    
  -47.5350571       154.877396    
  -49.9908180       154.201340    
  -52.4370613       153.486328    
  -54.8731728       152.732468    
  -57.2985229       151.939957    
  -59.7125206       151.108917    
  -62.1145363       150.239502    
  -64.5039597       149.331894    
  -66.8801956       148.386276    
  -69.2426224       147.402817    
  -71.5906448       146.381744    
  -73.9236679       145.323257    
  -76.2410889       144.227570    
  -78.5423279       143.094925    
  -80.8267822       141.925552    
  -83.0938568       140.719696    
  -85.3430023       139.477646    
  -87.5736084       138.199615    
  -89.7851028       136.885895    
  -91.9769211       135.536789    
  -94.1485062       134.152588    
  -96.2992859       132.733597    
  -98.4287033       131.280121    
  -100.536201       129.792465    
  -102.621262       128.270981    
  -104.683281       126.716011    
  -106.721779       125.127892    
  -108.736191       123.506981    
  -110.725998       121.853638    
  -112.690689       120.168251    
  -114.629738       118.451187    
  -116.542633       116.702835    
  -118.428864       114.923622    
  -120.287949       113.113914    
  -122.119377       111.274155    
  -123.922668       109.404732    
  -125.697350       107.506119    
  -127.442955       105.578735    
  -129.158997       103.623024    
  -130.845032       101.639435    
  -132.500610       99.6284332    
  -134.125275       97.5904922    
  -135.718582       95.5260696    
  -137.280121       93.4356689    
  -138.809448       91.3197632    
  -140.306168       89.1788712    
  -141.769867       87.0134583    
  -143.200119       84.8240662    
  -144.596573       82.6112061    
  -145.958801       80.3753891    
  -147.286453       78.1171417    
  -148.579163       75.8370132    
  -149.836563       73.5355377    
  -151.058304       71.2132721    
  -152.244034       68.8707504    
  -153.393433       66.5085373    
  -154.506165       64.1272125    
  -155.581924       61.7273254    
  -156.620361       59.3094597    
  -157.621216       56.8741913    
  -158.584198       54.4221077    
  -159.509033       51.9538002    
  -160.395416       49.4698601    
  -161.243103       46.9708862    
  -162.051849       44.4574814    
  -162.821381       41.9302521    
  -163.551498       39.3898163    
  -164.241943       36.8367767    
  -164.892517       34.2717667    
  -165.503036       31.6954041    
  -166.073273       29.1083126    
  -166.603027       26.5111237    
  -167.092178       23.9044724    
  -167.540512       21.2889919    
  -167.947876       18.6653214    
  -168.314133       16.0341034    
  -168.639160       13.3959846    
  -168.922821       10.7516098    
  -169.164978       8.10162735    
  -169.365555       5.44668913    
  -169.524445       2.78744912    
  -169.641556      0.124560639    
  -169.716812      -2.54131866    
  -169.750153      -5.20953131    
  -169.741531      -7.87941694    
  -169.690918      -10.5503168    
  -169.598221      -13.2215681    
  -169.463470      -15.8925095    
  -169.286636      -18.5624790    
  -169.067719      -21.2308102    
  -168.806702      -23.8968391    
  -168.503647      -26.5599060    
  -168.158539      -29.2193432    
  -167.771469      -31.8744907    
  -167.342438      -34.5246811    
  -166.871521      -37.1692543    
  -166.358810      -39.8075485    
  -165.804352      -42.4389000    
  -165.208252      -45.0626450    
  -164.570618      -47.6781349    
  -163.891556      -50.2847061    
  -163.171219      -52.8816986    
  -162.409683      -55.4684601    
  -161.607147      -58.0443420    
  -160.763733      -60.6086922    
  -159.879608      -63.1608582    
  -158.954941      -65.7001877    
  -157.989944      -68.2260513    
  -156.984787      -70.7378006    
  -155.939713      -73.2348022    
  -154.854889      -75.7164154    
  -153.730545      -78.1819992    
  -152.566956      -80.6309433    
  -151.364334      -83.0626068    
  -150.122955      -85.4763718    
  -148.843063      -87.8716278    
  -147.524948      -90.2477493    
  -146.168900      -92.6041412    
  -144.775208      -94.9401779    
  -143.344162      -97.2552643    
  -141.876099      -99.5488281    
  -140.371338      -101.820244    
  -138.830200      -104.068932    
  -137.253036      -106.294312    
  -135.640198      -108.495811    
  -133.992065      -110.672867    
  -132.308975      -112.824890    
  -130.591324      -114.951332    
  -128.839508      -117.051651    
  -127.053902      -119.125267    
  -125.234932      -121.171654    
  -123.383003      -123.190285    
  -121.498550      -125.180603    
  -119.582008      -127.142128    
  -117.633789      -129.074295    
  -115.654373      -130.976608    
  -113.644211      -132.848587    
  -111.603745      -134.689713    
  -109.533470      -136.499481    
  -107.433868      -138.277435    
  -105.305428      -140.023087    
  -103.148643      -141.735992    
  -100.964005      -143.415649    
  -98.7520447      -145.061646    
  -96.5132751      -146.673523    
  -94.2482224      -148.250839    
  -91.9574203      -149.793152    
  -89.6414032      -151.300079    
  -87.3007278      -152.771164    
  -84.9359512      -154.206070    
  -82.5476227      -155.604324    
  -80.1363068      -156.965576    
  -77.7025986      -158.289490    
  -75.2470551      -159.575623    
  -72.7702713      -160.823654    
  -70.2728348      -162.033234    
  -67.7553482      -163.204010    
  -65.2184143      -164.335663    
  -62.6626282      -165.427887    
  -60.0886269      -166.480316    
  -57.4970093      -167.492691    
  -54.8884087      -168.464706    
  -52.2634544      -169.396072    
  -49.6227760      -170.286530    
  -46.9670105      -171.135788    
  -44.2968102      -171.943634    
  -41.6128120      -172.709793    
  -38.9156647      -173.434021    
  -36.2060356      -174.116135    
  -33.4845695      -174.755859    
  -30.7519398      -175.353058    
  -28.0088043      -175.907486    
  -25.2558346      -176.419006    
  -22.4937077      -176.887421    
  -19.7230930      -177.312546    
  -16.9446678      -177.694275    
  -14.1591196      -178.032455    
  -11.3671236      -178.326920    
  -8.56937027      -178.577591    
  -5.76654482      -178.784348    
  -2.95933914      -178.947083    
 -0.148442909      -179.065750    
   2.66545033      -179.140213    
   5.48164606      -179.170456    
   8.29944897      -179.156403    
   11.1181612      -179.098007    
   13.9370852      -178.995239    
   16.7555218      -178.848099    
   19.5727730      -178.656540    
   22.3881378      -178.420609    
   25.2009182      -178.140274    
   28.0104084      -177.815567    
   30.8159180      -177.446564    
   33.6167412      -177.033249    
   36.4121742      -176.575714    
   39.2015266      -176.074020    
   41.9840965      -175.528229    
   44.7591934      -174.938477    
   47.5261116      -174.304810    
   50.2841606      -173.627365    
   53.0326500      -172.906281    
   55.7708855      -172.141647    
   58.4981728      -171.333649    
   61.2138367      -170.482407    
   63.9171791      -169.588104    
   66.6075287      -168.650955    
   69.2842026      -167.671082    
   71.9465103      -166.648712    
   74.5937958      -165.584076    
   77.2253647      -164.477356    
   79.8405685      -163.328812    
   82.4387360      -162.138657    
   85.0192032      -160.907166    
   87.5813141      -159.634598    
   90.1244125      -158.321228    
   92.6478500      -156.967316    
   95.1509857      -155.573196    
   97.6331635      -154.139160    
   100.093765      -152.665482    
   102.532135      -151.152527    
   104.947670      -149.600632    
   107.339737      -148.010132    
   109.707718      -146.381363    
   112.051003      -144.714706    
   114.368996      -143.010559    
   116.661072      -141.269257    
   118.926636      -139.491211    
   121.165138      -137.676849    
   123.375954      -135.826569    
   125.558540      -133.940781    
   127.712296      -132.019928    
   129.836670      -130.064438    
   131.931137      -128.074783    
   133.995087      -126.051392    
   136.028015      -123.994759    
   138.029373      -121.905334    
   139.998642      -119.783623    
   141.935303      -117.630127    
   143.838837      -115.445305    
   145.708740      -113.229713    
   147.544510      -110.983849    
   149.345657      -108.708229    
   151.111694      -106.403397    
   152.842163      -104.069893    
   154.536591      -101.708267    
   156.194534      -99.3190842    
   157.815521      -96.9028931    
   159.399109      -94.4602737    
   160.944901      -91.9918137    
   162.452454      -89.4980850    
   163.921356      -86.9796753    
   165.351196      -84.4371948    
   166.741577      -81.8712463    
   168.092163      -79.2824554    
   169.402527      -76.6714096    
   170.672318      -74.0387650    
   171.901184      -71.3851318    
   173.088776      -68.7111511    
   174.234741      -66.0174713    
   175.338791      -63.3047333    
   176.400574      -60.5735970    
   177.419815      -57.8247223    
   178.396194      -55.0587540    
   179.329437      -52.2763824    
   180.219284      -49.4782753    
   181.065430      -46.6650963    
   181.867645      -43.8375435    
   182.625702      -40.9962959    
   183.339340      -38.1420441    
   184.008362      -35.2754898    
   184.632538      -32.3973236    
   185.211670      -29.5082474    
   185.745590      -26.6089706    
   186.234085      -23.7001953    
   186.677017      -20.7826385    
   187.074234      -17.8570118    
   187.425568      -14.9240313    
   187.730911      -11.9844198    
   187.990112      -9.03889561    
   188.203079      -6.08818531    
   188.369736      -3.13301468    
