   0.00000000       0.00000000    
   7.85301253E-02   1.23364991E-03
  0.157002121       4.93399100E-03
  0.235357895       1.10991979E-02
  0.313539356       1.97262242E-02
  0.391488522       3.08108162E-02
  0.469147533       4.43474986E-02
  0.546458602       6.03295863E-02
  0.623364091       7.87491947E-02
  0.699806571       9.95972231E-02
  0.775728703      0.122863375    
  0.851073503      0.148536116    
  0.925784051      0.176602781    
  0.999803901      0.207049474    
   1.07307673      0.239861116    
   1.14554656      0.275021464    
   1.21715772      0.312513053    
   1.28785503      0.352317333    
   1.35758352      0.394414544    
   1.42628872      0.438783795    
   1.49391639      0.485403001    
   1.56041312      0.534248948    
   1.62572563      0.585297406    
   1.68980122      0.638522863    
   1.75258780      0.693898797    
   1.81403363      0.751397550    
   1.87408769      0.810990393    
   1.93269956      0.872647524    
   1.98981905      0.936338067    
   2.04539728       1.00203013    
   2.09938526       1.06969047    
   2.15173507       1.13928545    
   2.20239925       1.21077979    
   2.25133181       1.28413749    
   2.29848623       1.35932148    
   2.34381771       1.43629384    
   2.38728142       1.51501536    
   2.42883420       1.59544659    
   2.46843338       1.67754614    
   2.50603628       1.76127255    
   2.54160237       1.84658301    
   2.57509089       1.93343389    
   2.60646296       2.02178073    
   2.63567948       2.11157846    
   2.66270304       2.20278049    
   2.68749690       2.29534030    
   2.71002531       2.38920975    
   2.73025346       2.48434067    
   2.74814725       2.58068347    
   2.76367402       2.67818785    
   2.77680206       2.77680349    
   2.78750014       2.87647843    
   2.79573846       2.97716069    
   2.80148888       3.07879782    
   2.80472279       3.18133545    
   2.80541396       3.28471971    
   2.80353689       3.38889599    
   2.79906702       3.49380898    
   2.79198098       3.59940267    
   2.78225660       3.70562005    
   2.76987243       3.81240487    
   2.75480890       3.91969919    
   2.73704696       4.02744532    
   2.71656919       4.13558435    
   2.69335890       4.24405718    
   2.66740084       4.35280514    
   2.63868070       4.46176863    
   2.60718608       4.57088709    
   2.57290483       4.68009996    
   2.53582668       4.78934669    
   2.49594235       4.89856625    
   2.45324373       5.00769758    
   2.40772414       5.11667871    
   2.35937810       5.22544813    
   2.30820107       5.33394337    
   2.25419021       5.44210243    
   2.19734383       5.54986238    
   2.13766098       5.65716219    
   2.07514286       5.76393747    
   2.00979114       5.87012720    
   1.94160926       5.97566700    
   1.87060189       6.08049536    
   1.79677474       6.18454838    
   1.72013485       6.28776407    
   1.64069080       6.39007998    
   1.55845201       6.49143219    
   1.47342968       6.59175873    
   1.38563585       6.69099712    
   1.29508412       6.78908491    
   1.20178926       6.88596010    
   1.10576725       6.98156023    
   1.00703561       7.07582426    
  0.905612707       7.16868973    
  0.801518500       7.26009560    
  0.694774210       7.34998083    
  0.585402012       7.43828487    
  0.473425835       7.52494717    
  0.358870298       7.60990763    
  0.241761699       7.69310713    
  0.122127376       7.77448511    
  -4.08838014E-06   7.85398436    
 -0.124602862       7.93154526    
 -0.251637876       8.00711060    
 -0.381076843       8.08062267    
 -0.512886405       8.15202522    
 -0.647031903       8.22126102    
 -0.783477366       8.28827477    
 -0.922185838       8.35301208    
  -1.06311929       8.41541672    
  -1.20623815       8.47543526    
  -1.35150218       8.53301620    
  -1.49886966       8.58810520    
  -1.64829791       8.64065170    
  -1.79974294       8.69060326    
  -1.95315993       8.73791027    
  -2.10850286       8.78252316    
  -2.26572490       8.82439327    
  -2.42477775       8.86347198    
  -2.58561206       8.89971352    
  -2.74817753       8.93307018    
  -2.91242313       8.96349716    
  -3.07829714       8.99095058    
  -3.24574542       9.01538563    
  -3.41471457       9.03676224    
  -3.58514905       9.05503559    
  -3.75699306       9.07016659    
  -3.93018961       9.08211517    
  -4.10468102       9.09084415    
  -4.28040695       9.09631443    
  -4.45731068       9.09848881    
  -4.63532972       9.09733295    
  -4.81440401       9.09281349    
  -4.99447060       9.08489513    
  -5.17546701       9.07354641    
  -5.35732985       9.05873775    
  -5.53999424       9.04043674    
  -5.72339582       9.01861572    
  -5.90746832       8.99324894    
  -6.09214544       8.96430683    
  -6.27735996       8.93176746    
  -6.46304417       8.89560509    
  -6.64913034       8.85579777    
  -6.83554840       8.81232357    
  -7.02222967       8.76516247    
  -7.20910406       8.71429729    
  -7.39610052       8.65970898    
  -7.58314800       8.60138130    
  -7.77017546       8.53929996    
  -7.95711040       8.47345066    
  -8.14388180       8.40382195    
  -8.33041477       8.33040237    
  -8.51663685       8.25318336    
  -8.70247459       8.17215538    
  -8.88785362       8.08731270    
  -9.07270145       7.99865007    
  -9.25694084       7.90616322    
  -9.44050026       7.80984879    
  -9.62330246       7.70970678    
  -9.80527210       7.60573721    
  -9.98633575       7.49794054    
  -10.1664171       7.38632154    
  -10.3454390       7.27088356    
  -10.5233278       7.15163374    
  -10.7000065       7.02857828    
  -10.8754005       6.90172625    
  -11.0494318       6.77108908    
  -11.2220278       6.63667631    
  -11.3931093       6.49850273    
  -11.5626030       6.35658216    
  -11.7304325       6.21093178    
  -11.8965216       6.06156826    
  -12.0607967       5.90851021    
  -12.2231808       5.75177908    
  -12.3835993       5.59139633    
  -12.5419769       5.42738533    
  -12.6982412       5.25977087    
  -12.8523159       5.08857918    
  -13.0041285       4.91383743    
  -13.1536036       4.73557520    
  -13.3006697       4.55382347    
  -13.4452534       4.36861420    
  -13.5872812       4.17998028    
  -13.7266836       3.98795629    
  -13.8633862       3.79257917    
  -13.9973192       3.59388685    
  -14.1284132       3.39191771    
  -14.2565966       3.18671250    
  -14.3817997       2.97831321    
  -14.5039558       2.76676321    
  -14.6229954       2.55210638    
  -14.7388506       2.33438969    
  -14.8514557       2.11366034    
  -14.9607449       1.88996649    
  -15.0666504       1.66335845    
  -15.1691103       1.43388772    
  -15.2680588       1.20160687    
  -15.3634338      0.966569722    
  -15.4551735      0.728831708    
  -15.5432158      0.488449275    
  -15.6275015      0.245480224    
  -15.7079687      -1.63535206E-05
  -15.7845612     -0.247980237    
  -15.8572197     -0.498349905    
  -15.9258881     -0.751062751    
  -15.9905100      -1.00605476    
  -16.0510330      -1.26326108    
  -16.1074009      -1.52261519    
  -16.1595650      -1.78405035    
  -16.2074680      -2.04749751    
  -16.2510643      -2.31288743    
  -16.2903023      -2.58014870    
  -16.3251381      -2.84921122    
  -16.3555183      -3.12000084    
  -16.3814011      -3.39244437    
  -16.4027424      -3.66646671    
  -16.4194984      -3.94199252    
  -16.4316254      -4.21894455    
  -16.4390869      -4.49724627    
  -16.4418411      -4.77681684    
  -16.4398499      -5.05757904    
  -16.4330769      -5.33945131    
  -16.4214859      -5.62235260    
  -16.4050426      -5.90620136    
  -16.3837204      -6.19091415    
  -16.3574791      -6.47640705    
  -16.3262978      -6.76259613    
  -16.2901402      -7.04939604    
  -16.2489853      -7.33672190    
  -16.2028046      -7.62448502    
  -16.1515770      -7.91260052    
  -16.0952778      -8.20097828    
  -16.0338879      -8.48953247    
  -15.9673853      -8.77817059    
  -15.8957577      -9.06680679    
  -15.8189831      -9.35534763    
  -15.7370510      -9.64370441    
  -15.6499453      -9.93178558    
  -15.5576582      -10.2194986    
  -15.4601746      -10.5067530    
  -15.3574934      -10.7934561    
  -15.2496014      -11.0795145    
  -15.1364985      -11.3648348    
  -15.0181780      -11.6493235    
  -14.8946409      -11.9328890    
  -14.7658844      -12.2154350    
  -14.6319141      -12.4968691    
  -14.4927301      -12.7770948    
  -14.3483381      -13.0560188    
  -14.1987467      -13.3335457    
  -14.0439615      -13.6095829    
  -13.8839941      -13.8840322    
  -13.7188587      -14.1568022    
  -13.5485640      -14.4277945    
  -13.3731289      -14.6969175    
  -13.1925688      -14.9640741    
  -13.0069056      -15.2291660    
  -12.8161554      -15.4921083    
  -12.6203413      -15.7527981    
  -12.4194870      -16.0111446    
  -12.2136192      -16.2670536    
  -12.0027657      -16.5204315    
  -11.7869539      -16.7711811    
  -11.5662165      -17.0192146    
  -11.3405809      -17.2644310    
  -11.1100893      -17.5067463    
  -10.8747711      -17.7460613    
  -10.6346664      -17.9822884    
  -10.3898134      -18.2153339    
  -10.1402550      -18.4451084    
  -9.88603115      -18.6715202    
  -9.62718868      -18.8944798    
  -9.36377144      -19.1138973    
  -9.09582901      -19.3296852    
  -8.82340908      -19.5417500    
  -8.54656410      -19.7500134    
  -8.26534557      -19.9543819    
  -7.97980833      -20.1547718    
  -7.69000816      -20.3510952    
  -7.39600229      -20.5432720    
  -7.09785032      -20.7312145    
  -6.79561329      -20.9148407    
  -6.48935270      -21.0940685    
  -6.17913198      -21.2688198    
  -5.86501789      -21.4390068    
  -5.54707766      -21.6045589    
  -5.22537756      -21.7653923    
  -4.89999008      -21.9214344    
  -4.57098484      -22.0726013    
  -4.23843670      -22.2188282    
  -3.90241838      -22.3600292    
  -3.56300712      -22.4961414    
  -3.22027946      -22.6270866    
  -2.87431479      -22.7528000    
  -2.52519298      -22.8732052    
  -2.17299581      -22.9882393    
  -1.81780601      -23.0978317    
  -1.45970809      -23.2019196    
  -1.09878755      -23.3004379    
 -0.735131383      -23.3933239    
 -0.368827701      -23.4805164    
   3.39866165E-05  -23.5619526    
  0.371362984      -23.6375751    
  0.745067298      -23.7073269    
   1.12105381      -23.7711506    
   1.49922860      -23.8289948    
   1.87949550      -23.8808041    
   2.26175857      -23.9265289    
   2.64591980      -23.9661140    
   3.03188062      -23.9995193    
   3.41954112      -24.0266914    
   3.80880094      -24.0475903    
   4.19955778      -24.0621662    
   4.59170914      -24.0703831    
   4.98515034      -24.0721970    
   5.37977839      -24.0675735    
   5.77548695      -24.0564709    
   6.17216921      -24.0388584    
   6.56971884      -24.0146999    
   6.96802711      -23.9839668    
   7.36698484      -23.9466267    
   7.76648426      -23.9026527    
   8.16641331      -23.8520184    
   8.56666183      -23.7947006    
   8.96711826      -23.7306747    
   9.36767006      -23.6599216    
   9.76820374      -23.5824223    
   10.1686077      -23.4981632    
   10.5687666      -23.4071217    
   10.9685678      -23.3092937    
   11.3678932      -23.2046623    
   11.7666302      -23.0932198    
   12.1646624      -22.9749584    
   12.5618744      -22.8498745    
   12.9581480      -22.7179642    
   13.3533688      -22.5792274    
   13.7474165      -22.4336624    
   14.1401787      -22.2812729    
   14.5315323      -22.1220627    
   14.9213657      -21.9560432    
   15.3095560      -21.7832146    
   15.6959867      -21.6035957    
   16.0805435      -21.4171944    
   16.4631042      -21.2240314    
   16.8435516      -21.0241146    
   17.2217693      -20.8174706    
   17.5976391      -20.6041145    
   17.9710445      -20.3840752    
   18.3418636      -20.1573734    
   18.7099838      -19.9240398    
   19.0752850      -19.6840992    
   19.4376526      -19.4375839    
   19.7969704      -19.1845303    
   20.1531200      -18.9249706    
   20.5059834      -18.6589413    
   20.8554497      -18.3864861    
   21.2014008      -18.1076412    
   21.5437241      -17.8224545    
   21.8823032      -17.5309658    
   22.2170277      -17.2332287    
   22.5477829      -16.9292889    
   22.8744545      -16.6191998    
   23.1969318      -16.3030128    
   23.5151081      -15.9807873    
   23.8288651      -15.6525764    
   24.1380997      -15.3184414    
   24.4426975      -14.9784431    
   24.7425594      -14.6326466    
   25.0375671      -14.2811146    
   25.3276234      -13.9239168    
   25.6126156      -13.5611200    
   25.8924446      -13.1927977    
   26.1670055      -12.8190212    
   26.4361935      -12.4398680    
   26.6999111      -12.0554104    
   26.9580555      -11.6657314    
   27.2105293      -11.2709093    
   27.4572334      -10.8710260    
   27.6980686      -10.4661665    
   27.9329453      -10.0564175    
   28.1617622      -9.64186478    
   28.3844337      -9.22259998    
   28.6008625      -8.79871178    
   28.8109589      -8.37029648    
   29.0146351      -7.93744421    
   29.2118053      -7.50025511    
   29.4023781      -7.05882502    
   29.5862770      -6.61325455    
   29.7634087      -6.16364384    
   29.9337025      -5.71009684    
   30.0970688      -5.25271702    
   30.2534351      -4.79161072    
   30.4027233      -4.32688522    
   30.5448570      -3.85864997    
   30.6797619      -3.38701391    
   30.8073692      -2.91209054    
   30.9276085      -2.43399167    
   31.0404091      -1.95283282    
   31.1457062      -1.46872973    
   31.2434368     -0.981799781    
   31.3335323     -0.492161363    
   31.4159374       6.54140822E-05
   31.4905910      0.494759500    
   31.5574341      0.991798580    
   31.6164169       1.49105895    
   31.6674805       1.99241590    
   31.7105751       2.49574375    
   31.7456551       3.00091553    
   31.7726669       3.50780344    
   31.7915668       4.01627779    
   31.8023186       4.52620935    
   31.8048725       5.03746700    
   31.7991962       5.54991865    
   31.7852440       6.06343031    
   31.7629910       6.57787085    
   31.7324009       7.09310436    
   31.6934452       7.60899544    
   31.6460876       8.12540817    
   31.5903091       8.64220524    
   31.5260887       9.15925121    
   31.4534016       9.67640591    
   31.3722248       10.1935301    
   31.2825470       10.7104874    
   31.1843510       11.2271366    
   31.0776272       11.7433367    
   30.9623585       12.2589455    
   30.8385468       12.7738256    
   30.7061806       13.2878323    
   30.5652580       13.8008270    
   30.4157753       14.3126612    
   30.2577419       14.8231993    
   30.0911560       15.3322954    
   29.9160252       15.8398075    
   29.7323570       16.3455906    
   29.5401649       16.8495026    
   29.3394642       17.3514023    
   29.1302681       17.8511429    
   28.9125900       18.3485832    
   28.6864624       18.8435783    
   28.4519005       19.3359890    
   28.2089310       19.8256664    
   27.9575806       20.3124714    
   27.6978855       20.7962608    
   27.4298744       21.2768936    
   27.1535835       21.7542267    
   26.8690453       22.2281151    
   26.5763092       22.6984215    
   26.2754135       23.1650047    
   25.9664040       23.6277218    
   25.6493225       24.0864315    
   25.3242264       24.5410004    
   24.9911652       24.9912853    
   24.6501923       25.4371490    
   24.3013649       25.8784504    
   23.9447441       26.3150597    
   23.5803909       26.7468338    
   23.2083683       27.1736431    
   22.8287411       27.5953445    
   22.4415836       28.0118160    
   22.0469627       28.4229183    
   21.6449528       28.8285160    
   21.2356262       29.2284813    
   20.8190651       29.6226883    
   20.3953514       30.0110073    
   19.9645634       30.3933067    
   19.5267849       30.7694569    
   19.0821075       31.1393414    
   18.6306171       31.5028324    
   18.1724072       31.8598061    
   17.7075672       32.2101402    
   17.2361984       32.5537148    
   16.7583981       32.8904152    
   16.2742634       33.2201157    
   15.7838955       33.5427055    
   15.2874031       33.8580742    
   14.7848892       34.1661034    
   14.2764635       34.4666824    
   13.7622337       34.7596970    
   13.2423162       35.0450478    
   12.7168236       35.3226242    
   12.1858711       35.5923157    
   11.6495771       35.8540268    
   11.1080627       36.1076584    
   10.5614500       36.3531036    
   10.0098619       36.5902672    
   9.45342255       36.8190498    
   8.89226246       37.0393639    
   8.32650948       37.2511215    
   7.75629330       37.4542236    
   7.18174696       37.6485786    
   6.60300541       37.8341103    
   6.02020502       38.0107307    
   5.43348169       38.1783600    
   4.84297419       38.3369141    
   4.24882507       38.4863205    
   3.65117478       38.6265030    
   3.05016780       38.7573853    
   2.44594765       38.8788986    
   1.83866203       38.9909744    
   1.22845829       39.0935478    
  0.615485072       39.1865501    
  -1.06890846E-04   39.2699203    
 -0.618166089       39.3436050    
  -1.23853981       39.4075432    
  -1.86107409       39.4616814    
  -2.48561358       39.5059624    
  -3.11200213       39.5403442    
  -3.74008298       39.5647774    
  -4.36969709       39.5792198    
  -5.00068521       39.5836143    
  -5.63288736       39.5779419    
  -6.26612329       39.5621567    
  -6.90026999       39.5362206    
  -7.53514385       39.5001068    
  -8.17058277       39.4537888    
  -8.80642033       39.3972282    
  -9.44249439       39.3304138    
  -10.0786371       39.2533188    
  -10.7146816       39.1659203    
  -11.3504648       39.0682144    
  -11.9858160       38.9601746    
  -12.6205673       38.8418007    
  -13.2545528       38.7130775    
  -13.8875999       38.5740013    
  -14.5195436       38.4245758    
  -15.1502123       38.2648010    
  -15.7794361       38.0946693    
  -16.4070473       37.9141998    
  -17.0328751       37.7233925    
  -17.6567478       37.5222626    
  -18.2784977       37.3108253    
  -18.8979511       37.0890923    
  -19.5149422       36.8570938    
  -20.1292973       36.6148453    
  -20.7408485       36.3623695    
  -21.3494244       36.0997047    
  -21.9548588       35.8268738    
  -22.5569782       35.5439186    
  -23.1556168       35.2508659    
  -23.7506027       34.9477615    
  -24.3417702       34.6346474    
  -24.9289474       34.3115730    
  -25.5119705       33.9785767    
  -26.0906734       33.6357193    
  -26.6648903       33.2830505    
  -27.2344532       32.9206276    
  -27.7991982       32.5485115    
  -28.3589535       32.1667557    
  -28.9135685       31.7754345    
  -29.4628735       31.3746128    
  -30.0067043       30.9643574    
  -30.5449085       30.5447502    
  -31.0773163       30.1158600    
  -31.6037769       29.6777687    
  -32.1241264       29.2305546    
  -32.6382103       28.7743015    
  -33.1458740       28.3091011    
  -33.6469612       27.8350391    
  -34.1413193       27.3522072    
  -34.6287956       26.8607006    
  -35.1092415       26.3606205    
  -35.5825043       25.8520584    
  -36.0484390       25.3351269    
  -36.5068970       24.8099213    
  -36.9577370       24.2765541    
  -37.4008102       23.7351360    
  -37.8359756       23.1857758    
  -38.2630997       22.6285954    
  -38.6820374       22.0637054    
  -39.0926514       21.4912300    
  -39.4948082       20.9112892    
  -39.8883743       20.3240070    
  -40.2732239       19.7295132    
  -40.6492157       19.1279354    
  -41.0162277       18.5194035    
  -41.3741417       17.9040565    
  -41.7228241       17.2820263    
  -42.0621567       16.6534519    
  -42.3920212       16.0184765    
  -42.7122879       15.3772383    
  -43.0228615       14.7298870    
  -43.3236198       14.0765657    
  -43.6144447       13.4174223    
  -43.8952408       12.7526140    
  -44.1658897       12.0822878    
  -44.4262962       11.4066019    
  -44.6763535       10.7257109    
  -44.9159584       10.0397739    
  -45.1450233       9.34895325    
  -45.3634491       8.65340900    
  -45.5711441       7.95330620    
  -45.7680206       7.24880981    
  -45.9539909       6.54008913    
  -46.1289711       5.82731152    
  -46.2928772       5.11064816    
  -46.4456329       4.39027166    
  -46.5871582       3.66635513    
  -46.7173843       2.93907475    
  -46.8362350       2.20860624    
  -46.9436531       1.47512877    
  -47.0395622      0.738821089    
  -47.1239052      -1.35946466E-04
  -47.1966209     -0.741560280    
  -47.2576485      -1.48526847    
  -47.3069420      -2.23107648    
  -47.3444481      -2.97879863    
  -47.3701134      -3.72824788    
  -47.3839035      -4.47923708    
  -47.3857651      -5.23157787    
  -47.3756638      -5.98507929    
  -47.3535690      -6.73955297    
  -47.3194351      -7.49480581    
  -47.2732468      -8.25064659    
  -47.2149696      -9.00688171    
  -47.1445770      -9.76331806    
  -47.0620499      -10.5197620    
  -46.9673805      -11.2760191    
  -46.8605423      -12.0318918    
  -46.7415314      -12.7871857    
  -46.6103325      -13.5417042    
  -46.4669456      -14.2952518    
  -46.3113670      -15.0476303    
  -46.1436005      -15.7986412    
  -45.9636497      -16.5480900    
  -45.7715263      -17.2957764    
  -45.5672302      -18.0415039    
  -45.3507881      -18.7850742    
  -45.1222076      -19.5262871    
  -44.8815193      -20.2649479    
  -44.6287384      -21.0008564    
  -44.3638954      -21.7338161    
  -44.0870209      -22.4636307    
  -43.7981529      -23.1901016    
  -43.4973183      -23.9130287    
  -43.1845665      -24.6322174    
  -42.8599319      -25.3474731    
  -42.5234718      -26.0585995    
  -42.1752281      -26.7653980    
  -41.8152542      -27.4676743    
  -41.4436111      -28.1652393    
  -41.0603561      -28.8578930    
  -40.6655502      -29.5454483    
  -40.2592621      -30.2277069    
  -39.8415565      -30.9044800    
  -39.4125061      -31.5755768    
  -38.9721947      -32.2408104    
  -38.5206909      -32.8999901    
  -38.0580788      -33.5529251    
  -37.5844498      -34.1994362    
  -37.0998840      -34.8393364    
  -36.6044769      -35.4724350    
  -36.0983200      -36.0985489    
  -35.5815125      -36.7175102    
  -35.0541534      -37.3291206    
  -34.5163422      -37.9332123    
  -33.9681931      -38.5296059    
  -33.4098167      -39.1181259    
  -32.8413162      -39.6985970    
  -32.2628136      -40.2708435    
  -31.6744232      -40.8346939    
  -31.0762672      -41.3899841    
  -30.4684734      -41.9365425    
  -29.8511620      -42.4742050    
  -29.2244701      -43.0028038    
  -28.5885258      -43.5221825    
  -27.9434662      -44.0321808    
  -27.2894287      -44.5326309    
  -26.6265526      -45.0233803    
  -25.9549847      -45.5042801    
  -25.2748680      -45.9751740    
  -24.5863514      -46.4359131    
  -23.8895931      -46.8863487    
  -23.1847382      -47.3263397    
  -22.4719505      -47.7557373    
  -21.7513828      -48.1744041    
  -21.0231972      -48.5821953    
  -20.2875652      -48.9789810    
  -19.5446453      -49.3646278    
  -18.7946091      -49.7389984    
  -18.0376282      -50.1019707    
  -17.2738762      -50.4534225    
  -16.5035267      -50.7932205    
  -15.7267590      -51.1212502    
  -14.9437513      -51.4373856    
  -14.1546898      -51.7415237    
  -13.3597536      -52.0335464    
  -12.5591316      -52.3133430    
  -11.7530127      -52.5808067    
  -10.9415865      -52.8358345    
  -10.1250439      -53.0783310    
  -9.30357838      -53.3081932    
  -8.47738838      -53.5253220    
  -7.64666843      -53.7296295    
  -6.81162071      -53.9210320    
  -5.97244263      -54.0994339    
  -5.12933969      -54.2647667    
  -4.28251457      -54.4169350    
  -3.43217301      -54.5558777    
  -2.57852244      -54.6815109    
  -1.72177076      -54.7937622    
 -0.862128377      -54.8925781    
   1.93776752E-04  -54.9778900    
  0.864983141      -55.0496292    
   1.73202622      -55.1077576    
   2.60110784      -55.1522026    
   3.47201228      -55.1829300    
   4.34452248      -55.1998863    
   5.21842051      -55.2030220    
   6.09348726      -55.1923103    
   6.96950340      -55.1677132    
   7.84624720      -55.1291885    
   8.72349739      -55.0767174    
   9.60103226      -55.0102730    
   10.4786301      -54.9298286    
   11.3560648      -54.8353653    
   12.2331142      -54.7268753    
   13.1095524      -54.6043434    
   13.9851561      -54.4677658    
   14.8596973      -54.3171310    
   15.7329531      -54.1524467    
   16.6046963      -53.9737129    
   17.4747009      -53.7809334    
   18.3427410      -53.5741272    
   19.2085876      -53.3532944    
   20.0720196      -53.1184654    
   20.9328041      -52.8696594    
   21.7907181      -52.6068993    
   22.6455364      -52.3302155    
   23.4970322      -52.0396423    
   24.3449764      -51.7352104    
   25.1891479      -51.4169655    
   26.0293179      -51.0849457    
   26.8652687      -50.7392044    
   27.6967678      -50.3797874    
   28.5235939      -50.0067482    
   29.3455296      -49.6201553    
   30.1623459      -49.2200584    
   30.9738255      -48.8065338    
   31.7797451      -48.3796425    
   32.5798836      -47.9394531    
   33.3740273      -47.4860535    
   34.1619530      -47.0195236    
   34.9434471      -46.5399323    
   35.7182884      -46.0473824    
   36.4862747      -45.5419579    
   37.2471771      -45.0237541    
   38.0007935      -44.4928703    
   38.7469063      -43.9494019    
   39.4853134      -43.3934593    
   40.2158051      -42.8251495    
   40.9381676      -42.2445831    
   41.6522026      -41.6518822    
   42.3577042      -41.0471535    
   43.0544701      -40.4305267    
   43.7423096      -39.8021278    
   44.4210091      -39.1620827    
   45.0903816      -38.5105247    
   45.7502365      -37.8475876    
   46.4003677      -37.1734085    
   47.0405960      -36.4881325    
   47.6707344      -35.7919083    
   48.2905884      -35.0848770    
   48.8999786      -34.3671951    
   49.4987183      -33.6390114    
   50.0866394      -32.9004898    
   50.6635513      -32.1517868    
   51.2292824      -31.3930683    
   51.7836685      -30.6245003    
   52.3265305      -29.8462524    
   52.8577042      -29.0584965    
   53.3770294      -28.2614117    
   53.8843307      -27.4551697    
   54.3794632      -26.6399555    
   54.8622627      -25.8159542    
   55.3325729      -24.9833488    
   55.7902489      -24.1423321    
   56.2351418      -23.2930946    
   56.6671028      -22.4358292    
   57.0859871      -21.5707359    
   57.4916611      -20.6980076    
   57.8839798      -19.8178558    
   58.2628250      -18.9304790    
   58.6280479      -18.0360832    
   58.9795380      -17.1348820    
   59.3171616      -16.2270794    
   59.6408005      -15.3128967    
   59.9503365      -14.3925447    
   60.2456551      -13.4662418    
   60.5266495      -12.5342093    
   60.7932129      -11.5966682    
   61.0452347      -10.6538410    
   61.2826195      -9.70595551    
   61.5052681      -8.75323868    
   61.7130928      -7.79591894    
   61.9059982      -6.83422804    
   62.0839005      -5.86839819    
   62.2467155      -4.89866400    
   62.3943672      -3.92526126    
   62.5267715      -2.94842815    
   62.6438751      -1.96840286    
   62.7455940     -0.985425651    
   62.8318748       2.61656329E-04
   62.9026489      0.988416255    
   62.9578629       1.97879374    
   62.9974670       2.97114921    
   63.0214157       3.96523619    
   63.0296516       4.96080732    
   63.0221443       5.95761395    
   62.9988594       6.95540714    
   62.9597588       7.95393705    
   62.9048119       8.95295143    
   62.8339958       9.95219994    
   62.7472916       10.9514294    
   62.6446838       11.9503880    
   62.5261497       12.9488201    
   62.3916969       13.9464750    
   62.2413101       14.9430962    
   62.0749817       15.9384289    
   61.8927345       16.9322205    
   61.6945610       17.9242115    
   61.4804726       18.9141521    
   61.2504921       19.9017830    
   61.0046387       20.8868484    
   60.7429352       21.8690968    
   60.4654045       22.8482704    
   60.1720810       23.8241138    
   59.8630104       24.7963734    
   59.5382195       25.7647934    
   59.1977654       26.7291241    
   58.8416786       27.6891041    
   58.4700279       28.6444855    
   58.0828705       29.5950184    
   57.6802559       30.5404453    
   57.2622490       31.4805145    
   56.8289375       32.4149857    
   56.3803711       33.3435936    
   55.9166451       34.2661018    
   55.4378319       35.1822586    
   54.9440155       36.0918198    
   54.4352951       36.9945374    
   53.9117508       37.8901672    
   53.3734818       38.7784653    
   52.8206062       39.6591949    
   52.2532043       40.5321121    
   51.6714058       41.3969765    
   51.0753098       42.2535515    
   50.4650383       43.1016006    
   49.8407173       43.9408951    
   49.2024612       44.7711983    
   48.5504074       45.5922737    
   47.8846893       46.4039078    
   47.2054329       47.2058563    
   46.5127869       47.9979019    
   45.8069000       48.7798347    
   45.0879021       49.5514030    
   44.3559608       50.3124199    
   43.6112251       51.0626450    
   42.8538437       51.8018761    
   42.0839996       52.5299072    
   41.3018379       53.2465096    
   40.5075417       53.9514923    
   39.7012749       54.6446419    
   38.8832169       55.3257523    
   38.0535469       55.9946404    
   37.2124443       56.6510963    
   36.3600998       57.2949257    
   35.4967041       57.9259453    
   34.6224403       58.5439606    
   33.7375107       59.1487846    
   32.8421173       59.7402420    
   31.9364586       60.3181419    
   31.0207367       60.8823204    
   30.0951653       61.4325943    
   29.1599503       61.9687920    
   28.2153091       62.4907570    
   27.2614574       62.9983101    
   26.2986164       63.4913101    
   25.3270035       63.9695816    
   24.3468475       64.4329758    
   23.3583813       64.8813477    
   22.3618279       65.3145447    
   21.3574200       65.7324295    
   20.3453999       66.1348572    
   19.3259983       66.5216904    
   18.2994595       66.8927994    
   17.2660294       67.2480621    
   16.2259464       67.5873337    
   15.1794615       67.9105148    
   14.1268225       68.2174683    
   13.0682821       68.5080948    
   12.0040951       68.7822876    
   10.9345140       69.0399170    
   9.85979843       69.2809143    
   8.78020763       69.5051575    
   7.69600248       69.7125549    
   6.60744667       69.9030380    
   5.51480341       70.0764999    
   4.41833973       70.2328568    
   3.31832409       70.3720474    
   2.21502471       70.4939880    
   1.10871279       70.5986099    
  -3.39585211E-04   70.6858597    
  -1.11185920       70.7556610    
  -2.22557163       70.8079758    
  -3.34120083       70.8427277    
  -4.45847034       70.8598938    
  -5.57710218       70.8594208    
  -6.69681740       70.8412628    
  -7.81733751       70.8054123    
  -8.93838024       70.7518005    
  -10.0596657       70.6804276    
  -11.1809120       70.5912781    
  -12.3018360       70.4843140    
  -13.4221554       70.3595352    
  -14.5415869       70.2169418    
  -15.6598463       70.0565109    
  -16.7766495       69.8782654    
  -17.8917141       69.6822052    
  -19.0047512       69.4683304    
  -20.1154823       69.2366714    
  -21.2236156       68.9872360    
  -22.3288727       68.7200470    
  -23.4309692       68.4351578    
  -24.5296154       68.1325684    
  -25.6245327       67.8123398    
  -26.7154331       67.4745026    
  -27.8020363       67.1191177    
  -28.8840637       66.7462158    
  -29.9612236       66.3558731    
  -31.0332413       65.9481354    
  -32.0998344       65.5230942    
  -33.1607246       65.0807800    
  -34.2156258       64.6212921    
  -35.2642746       64.1447144    
  -36.3063774       63.6511154    
  -37.3416672       63.1405907    
  -38.3698654       62.6132278    
  -39.3907013       62.0691261    
  -40.4039078       61.5083923    
  -41.4091988       60.9311256    
  -42.4063225       60.3374405    
  -43.3949928       59.7274437    
  -44.3749504       59.1012611    
  -45.3459396       58.4590225    
  -46.3076859       57.8008385    
  -47.2599335       57.1268539    
  -48.2024193       56.4372025    
  -49.1348877       55.7320213    
  -50.0570869       55.0114555    
  -50.9687614       54.2756615    
  -51.8696556       53.5247803    
  -52.7595253       52.7589836    
  -53.6381187       51.9784164    
  -54.5051956       51.1832581    
  -55.3605194       50.3736725    
  -56.2038345       49.5498314    
  -57.0349197       48.7119141    
  -57.8535309       47.8600998    
  -58.6594429       46.9945755    
  -59.4524307       46.1155357    
  -60.2322502       45.2231636    
  -60.9986916       44.3176613    
  -61.7515411       43.3992310    
  -62.4905624       42.4680672    
  -63.2155609       41.5243874    
  -63.9263153       40.5684052    
  -64.6226120       39.6003265    
  -65.3042603       38.6203690    
  -65.9710464       37.6287651    
  -66.6227798       36.6257286    
  -67.2592697       35.6114998    
  -67.8803101       34.5862961    
  -68.4857254       33.5503654    
  -69.0753326       32.5039368    
  -69.6489334       31.4472580    
  -70.2063828       30.3805733    
  -70.7474747       29.3041248    
  -71.2720566       28.2181683    
  -71.7799683       27.1229553    
  -72.2710419       26.0187416    
  -72.7451096       24.9057865    
  -73.2020416       23.7843552    
  -73.6416626       22.6547031    
  -74.0638504       21.5171089    
  -74.4684448       20.3718338    
  -74.8553085       19.2191525    
  -75.2243347       18.0593395    
  -75.5753632       16.8926697    
  -75.9082947       15.7194271    
  -76.2229843       14.5398874    
  -76.5193253       13.3543367    
  -76.7972260       12.1630630    
  -77.0565567       10.9663486    
  -77.2972183       9.76448631    
  -77.5191269       8.55776787    
  -77.7221756       7.34648466    
  -77.9062729       6.13093233    
  -78.0713501       4.91140842    
  -78.2173157       3.68820977    
  -78.3441010       2.46163654    
  -78.4516296       1.23198998    
  -78.5398407      -4.27563384E-04
  -78.6086807      -1.23531246    
  -78.6580811      -2.47235918    
  -78.6879959      -3.71126246    
  -78.6983719      -4.95171452    
  -78.6891861      -6.19340658    
  -78.6603851      -7.43603134    
  -78.6119537      -8.67927647    
  -78.5438385      -9.92283344    
  -78.4560547      -11.1663895    
  -78.3485489      -12.4096327    
  -78.2213287      -13.6522512    
  -78.0743866      -14.8939333    
  -77.9077225      -16.1343613    
  -77.7213364      -17.3732281    
  -77.5152206      -18.6102142    
  -77.2894135      -19.8450050    
  -77.0439301      -21.0772934    
  -76.7787781      -22.3067589    
  -76.4939957      -23.5330925    
  -76.1896286      -24.7558994    
  -75.8656998      -25.9749489    
  -75.5222702      -27.1899204    
  -75.1593552      -28.4005070    
  -74.7770386      -29.6063957    
  -74.3753662      -30.8072758    
  -73.9543991      -32.0028305    
  -73.5142059      -33.1927605    
  -73.0548553      -34.3767395    
  -72.5764389      -35.5544777    
  -72.0790329      -36.7256584    
  -71.5627136      -37.8899765    
  -71.0275955      -39.0471268    
  -70.4737701      -40.1968079    
  -69.9013290      -41.3387146    
  -69.3103867      -42.4725456    
  -68.7010574      -43.5979996    
  -68.0734558      -44.7147827    
  -67.4277115      -45.8226013    
  -66.7639389      -46.9211464    
  -66.0822754      -48.0101395    
  -65.3828659      -49.0892830    
  -64.6658401      -50.1582909    
  -63.9313583      -51.2168694    
  -63.1795464      -52.2647400    
  -62.4105873      -53.3016167    
  -61.6246223      -54.3272209    
  -60.8218231      -55.3412704    
  -60.0023651      -56.3434982    
  -59.1664124      -57.3336182    
  -58.3141441      -58.3113670    
  -57.4457436      -59.2764778    
  -56.5614014      -60.2286720    
  -55.6613083      -61.1677055    
  -54.7456589      -62.0933037    
  -53.8146477      -63.0052147    
  -52.8684883      -63.9031906    
  -51.9073906      -64.7869644    
  -50.9315529      -65.6563110    
  -49.9412079      -66.5109634    
  -48.9365616      -67.3506851    
  -47.9178505      -68.1752472    
  -46.8852997      -68.9844055    
  -45.8391418      -69.7779312    
  -44.7796135      -70.5555954    
  -43.7069550      -71.3171844    
  -42.6214066      -72.0624619    
  -41.5232277      -72.7912216    
  -40.4126549      -73.5032272    
  -39.2899551      -74.1983109    
  -38.1553764      -74.8762283    
  -37.0091896      -75.5367966    
  -35.8516579      -76.1798248    
  -34.6830482      -76.8051071    
  -33.5036354      -77.4124527    
  -32.3136902      -78.0016785    
  -31.1134949      -78.5726013    
  -29.9033298      -79.1250534    
  -28.6834812      -79.6588593    
  -27.4542351      -80.1738434    
  -26.2158794      -80.6698532    
  -24.9687119      -81.1467209    
  -23.7130280      -81.6042938    
  -22.4491234      -82.0424271    
  -21.1772995      -82.4609604    
  -19.8978634      -82.8597717    
  -18.6111183      -83.2387161    
  -17.3173733      -83.5976639    
  -16.0169430      -83.9364853    
  -14.7101374      -84.2550735    
  -13.3972721      -84.5532913    
  -12.0786648      -84.8310394    
  -10.7546349      -85.0881958    
  -9.42550468      -85.3246765    
  -8.09159756      -85.5403824    
  -6.75323725      -85.7352066    
  -5.41075230      -85.9090805    
  -4.06446981      -86.0619125    
  -2.71472073      -86.1936340    
  -1.36183560      -86.3041687    
  -6.14809943E-03  -86.3934402    
   1.35200799      -86.4614029    
   2.71229744      -86.5080032    
   4.07438278      -86.5331802    
   5.43792820      -86.5368881    
   6.80259371      -86.5190964    
   8.16804028      -86.4797745    
   9.53392792      -86.4188843    
   10.8999147      -86.3363876    
   12.2656622      -86.2322922    
   13.6308241      -86.1065750    
   14.9950600      -85.9592285    
   16.3580284      -85.7902527    
   17.7193832      -85.5996552    
   19.0787830      -85.3874283    
   20.4358845      -85.1536102    
   21.7903404      -84.8981934    
   23.1418133      -84.6212311    
   24.4899559      -84.3227386    
   25.8344231      -84.0027542    
   27.1748753      -83.6613235    
   28.5109711      -83.2984848    
   29.8423691      -82.9143066    
   31.1687241      -82.5088348    
   32.4896965      -82.0821228    
   33.8049469      -81.6342621    
   35.1141396      -81.1653214    
   36.4169312      -80.6753693    
   37.7129860      -80.1645050    
   39.0019760      -79.6328201    
   40.2835541      -79.0803909    
   41.5573921      -78.5073395    
   42.8231583      -77.9137650    
   44.0805206      -77.2997818    
   45.3291550      -76.6655045    
   46.5687256      -76.0110550    
   47.7989159      -75.3365631    
   49.0193939      -74.6421661    
   50.2298393      -73.9280090    
   51.4299355      -73.1942139    
   52.6193619      -72.4409485    
   53.7978020      -71.6683655    
   54.9649429      -70.8766174    
   56.1204720      -70.0658646    
   57.2640839      -69.2362976    
   58.3954697      -68.3880692    
   59.5143280      -67.5213699    
   60.6203537      -66.6363831    
   61.7132378      -65.7332916    
   62.7927094      -64.8122940    
   63.8584557      -63.8735924    
   64.9101868      -62.9173889    
   65.9476318      -61.9438896    
   66.9704895      -60.9533157    
   67.9784851      -59.9458771    
   68.9713516      -58.9218025    
   69.9487915      -57.8813095    
   70.9105530      -56.8246422    
   71.8563614      -55.7520294    
   72.7859573      -54.6637039    
   73.6990738      -53.5599289    
   74.5954666      -52.4409447    
   75.4748764      -51.3070068    
   76.3370438      -50.1583672    
   77.1817398      -48.9952927    
   78.0087128      -47.8180466    
   78.8177338      -46.6268997    
   79.6085587      -45.4221268    
   80.3809738      -44.2040062    
   81.1347427      -42.9728203    
   81.8696594      -41.7288513    
   82.5854874      -40.4723892    
   83.2820282      -39.2037239    
   83.9590759      -37.9231567    
   84.6164246      -36.6309891    
   85.2538757      -35.3275185    
   85.8712463      -34.0130501    
   86.4683380      -32.6879044    
   87.0449677      -31.3523808    
   87.6009674      -30.0068035    
   88.1361389      -28.6514874    
   88.6503372      -27.2867584    
   89.1433945      -25.9129391    
   89.6151428      -24.5303574    
   90.0654373      -23.1393452    
   90.4941254      -21.7402363    
   90.9010696      -20.3333626    
   91.2861176      -18.9190674    
   91.6491394      -17.4976864    
   91.9900284      -16.0695686    
   92.3086472      -14.6350546    
   92.6048660      -13.1944933    
   92.8786011      -11.7482338    
   93.1297226      -10.2966299    
   93.3581467      -8.84003353    
   93.5637665      -7.37880039    
   93.7464981      -5.91328669    
   93.9062576      -4.44385195    
   94.0429688      -2.97085738    
   94.1565475      -1.49466383    
   94.2469482      -1.56347807E-02
   94.3140945       1.46586502    
   94.3579407       2.94947004    
   94.3784180       4.43481350    
   94.3755035       5.92152643    
   94.3491516       7.40924120    
   94.2993317       8.89758778    
   94.2260056       10.3861942    
   94.1291733       11.8746901    
   94.0088043       13.3627052    
   93.8649063       14.8498669    
   93.6974564       16.3358021    
   93.5064621       17.8201351    
   93.2919464       19.3024960    
   93.0539169       20.7825127    
   92.7923813       22.2598057    
   92.5073929       23.7340088    
   92.1989594       25.2047462    
   91.8671341       26.6716461    
   91.5119629       28.1343327    
   91.1334763       29.5924377    
   90.7317505       31.0455894    
   90.3068390       32.4934158    
   89.8588104       33.9355431    
   89.3877563       35.3716125    
   88.8937302       36.8012466    
   88.3768387       38.2240829    
   87.8371582       39.6397514    
   87.2747879       41.0478859    
   86.6898422       42.4481316    
   86.0824280       43.8401222    
   85.4526443       45.2234879    
   84.8006439       46.5978813    
   84.1265259       47.9629440    
   83.4304276       49.3183136    
   82.7125015       50.6636429    
   81.9728699       51.9985733    
   81.2117004       53.3227615    
   80.4291382       54.6358566    
   79.6253433       55.9375038    
   78.8004913       57.2273788    
   77.9547501       58.5051346    
   77.0883026       59.7704239    
   76.2013245       61.0229187    
   75.2939911       62.2622833    
   74.3665161       63.4881935    
   73.4190979       64.7003174    
   72.4519272       65.8983231    
   71.4652252       67.0818939    
   70.4592133       68.2507248    
   69.4340973       69.4044876    
   68.3901062       70.5428696    
   67.3274689       71.6655655    
   66.2464294       72.7722702    
   65.1472168       73.8626862    
   64.0300751       74.9365082    
   62.8952751       75.9934387    
   61.7430534       77.0332108    
   60.5736732       78.0555115    
   59.3874016       79.0600662    
   58.1845016       80.0466003    
   56.9652557       81.0148315    
   55.7299423       81.9645081    
   54.4788284       82.8953400    
   53.2122192       83.8070755    
   51.9304047       84.6994629    
   50.6336708       85.5722504    
   49.3223228       86.4251785    
   47.9966583       87.2579956    
   46.6569977       88.0704803    
   45.3036499       88.8624039    
   43.9369202       89.6335068    
   42.5571365       90.3835983    
   41.1646271       91.1124344    
   39.7597122       91.8198166    
   38.3427238       92.5055237    
   36.9139900       93.1693420    
   35.4738655       93.8110962    
   34.0226784       94.4305801    
   32.5607758       95.0275955    
   31.0885086       95.6019669    
   29.6062241       96.1535187    
   28.1142788       96.6820831    
   26.6130295       97.1874771    
   25.1028328       97.6695404    
   23.5840549       98.1281281    
   22.0570602       98.5630875    
   20.5222149       98.9742584    
   18.9798927       99.3615189    
   17.4304638       99.7247314    
   15.8743067       100.063766    
   14.3117943       100.378502    
   12.7433100       100.668816    
   11.1692343       100.934616    
   9.58995152       101.175774    
   8.00584507       101.392204    
   6.41730595       101.583817    
   4.82472086       101.750534    
   3.22848153       101.892258    
   1.62897980       102.008919    
   2.66093500E-02   102.100449    
  -1.57823455       102.166809    
  -3.18515587       102.207909    
  -4.79375648       102.223724    
  -6.40363932       102.214203    
  -8.01440525       102.179314    
  -9.62565327       102.119019    
  -11.2369814       102.033302    
  -12.8479900       101.922142    
  -14.4582767       101.785522    
  -16.0674381       101.623459    
  -17.6750736       101.435928    
  -19.2807789       101.222954    
  -20.8841515       100.984550    
  -22.4847870       100.720726    
  -24.0822849       100.431519    
  -25.6762371       100.116951    
  -27.2662468       99.7770844    
  -28.8519096       99.4119492    
  -30.4328194       99.0215912    
  -32.0085831       98.6060791    
  -33.5788002       98.1654892    
  -35.1430626       97.6998825    
  -36.7009773       97.2093353    
  -38.2521439       96.6939240    
  -39.7961693       96.1537628    
  -41.3326569       95.5889435    
  -42.8612099       94.9995422    
  -44.3814430       94.3856964    
  -45.8929520       93.7475204    
  -47.3953590       93.0851364    
  -48.8882751       92.3986664    
  -50.3713036       91.6882324    
  -51.8440704       90.9540100    
  -53.3061943       90.1961136    
  -54.7572784       89.4147186    
  -56.1969719       88.6099701    
  -57.6248779       87.7820435    
  -59.0406342       86.9311066    
  -60.4438591       86.0573425    
  -61.8341942       85.1609116    
  -63.2112732       84.2420349    
  -64.5747299       83.3008957    
  -65.9242020       82.3376923    
  -67.2593384       81.3526306    
  -68.5797806       80.3459320    
  -69.8851852       79.3178101    
  -71.1751938       78.2684860    
  -72.4494705       77.1981888    
  -73.7076797       76.1071625    
  -74.9494705       74.9956436    
  -76.1745148       73.8638840    
  -77.3824844       72.7121277    
  -78.5730515       71.5406342    
  -79.7459030       70.3496628    
  -80.9007034       69.1394958    
  -82.0371475       67.9103851    
  -83.1549301       66.6626282    
  -84.2537460       65.3964996    
  -85.3332748       64.1122818    
  -86.3932419       62.8102760    
  -87.4333496       61.4907837    
  -88.4533005       60.1541023    
  -89.4528198       58.8005409    
  -90.4316177       57.4304123    
  -91.3894424       56.0440331    
  -92.3259964       54.6417236    
  -93.2410355       53.2238045    
  -94.1343002       51.7906189    
  -95.0055237       50.3424950    
  -95.8544693       48.8797722    
  -96.6808853       47.4027901    
  -97.4845276       45.9118996    
  -98.2651825       44.4074478    
  -99.0226059       42.8897972    
  -99.7565765       41.3592949    
  -100.466888       39.8163147    
  -101.153328       38.2612190    
  -101.815681       36.6943741    
  -102.453751       35.1161575    
  -103.067337       33.5269432    
  -103.656265       31.9271145    
  -104.220352       30.3170471    
  -104.759399       28.6971302    
  -105.273277       27.0677586    
  -105.761780       25.4293194    
  -106.224777       23.7822075    
  -106.662109       22.1268196    
  -107.073616       20.4635601    
  -107.459183       18.7928257    
  -107.818657       17.1150265    
  -108.151917       15.4305687    
  -108.458847       13.7398615    
  -108.739334       12.0433168    
  -108.993263       10.3413496    
  -109.220535       8.63437462    
  -109.421051       6.92281008    
  -109.594734       5.20707560    
  -109.741493       3.48759246    
  -109.861252       1.76478314    
  -109.953957       3.90718095E-02
  -110.019539      -1.68911624    
  -110.057938      -3.41935420    
  -110.069099      -5.15121460    
  -110.052994      -6.88426781    
  -110.009590      -8.61808586    
  -109.938850      -10.3522367    
  -109.840752      -12.0862894    
  -109.715294      -13.8198128    
  -109.562462      -15.5523758    
  -109.382248      -17.2835426    
  -109.174667      -19.0128822    
  -108.939720      -20.7399616    
  -108.677437      -22.4643478    
  -108.387856      -24.1856098    
  -108.070976      -25.9033108    
  -107.726883      -27.6170216    
  -107.355591      -29.3263111    
  -106.957169      -31.0307407    
  -106.531670      -32.7298889    
  -106.079155      -34.4233170    
  -105.599716      -36.1105995    
  -105.093430      -37.7913094    
  -104.560371      -39.4650116    
  -104.000648      -41.1312943    
  -103.414368      -42.7897186    
  -102.801628      -44.4398689    
  -102.162552      -46.0813179    
  -101.497253      -47.7136459    
  -100.805862      -49.3364372    
  -100.088524      -50.9492760    
  -99.3453598      -52.5517387    
  -98.5765457      -54.1434212    
  -97.7822266      -55.7239075    
  -96.9625626      -57.2927933    
  -96.1177216      -58.8496590    
  -95.2478714      -60.3941116    
  -94.3532104      -61.9257545    
  -93.4339142      -63.4441795    
  -92.4901733      -64.9489975    
  -91.5222092      -66.4398041    
  -90.5302124      -67.9162140    
  -89.5144043      -69.3778534    
  -88.4749985      -70.8243256    
  -87.4122238      -72.2552414    
  -86.3263092      -73.6702347    
  -85.2174988      -75.0689392    
  -84.0860367      -76.4509583    
  -82.9321671      -77.8159637    
  -81.7561569      -79.1635590    
  -80.5582581      -80.4934006    
  -79.3387375      -81.8051224    
  -78.0978622      -83.0983734    
  -76.8359375      -84.3728256    
  -75.5532303      -85.6281204    
  -74.2500305      -86.8639297    
  -72.9266357      -88.0799026    
  -71.5833588      -89.2757187    
  -70.2204895      -90.4510574    
  -68.8383484      -91.6055984    
  -67.4372559      -92.7390137    
  -66.0175247      -93.8510056    
  -64.5794983      -94.9412537    
  -63.1234894      -96.0094757    
  -61.6498566      -97.0553665    
  -60.1589279      -98.0786362    
  -58.6510506      -99.0790024    
  -57.1265869      -100.056175    
  -55.5858803      -101.009880    
  -54.0293083      -101.939873    
  -52.4572182      -102.845863    
  -50.8699913      -103.727592    
  -49.2680016      -104.584831    
  -47.6516266      -105.417313    
  -46.0212479      -106.224808    
  -44.3772469      -107.007080    
  -42.7200203      -107.763885    
  -41.0499649      -108.495026    
  -39.3674736      -109.200272    
  -37.6729469      -109.879410    
  -35.9667931      -110.532242    
  -34.2494202      -111.158569    
  -32.5212440      -111.758202    
  -30.7826729      -112.330948    
  -29.0341282      -112.876633    
  -27.2760315      -113.395096    
  -25.5088081      -113.886147    
  -23.7328815      -114.349640    
  -21.9486866      -114.785431    
  -20.1566525      -115.193367    
  -18.3572159      -115.573311    
  -16.5508156      -115.925125    
  -14.7378874      -116.248695    
  -12.9188776      -116.543892    
  -11.0942287      -116.810608    
  -9.26438618      -117.048737    
  -7.42979860      -117.258179    
  -5.59091663      -117.438858    
  -3.74819088      -117.590691    
  -1.90207458      -117.713577    
  -5.30221574E-02  -117.807457    
   1.79851007      -117.872284    
   3.65206552      -117.908005    
   5.50718546      -117.914536    
   7.36341143      -117.891876    
   9.22028255      -117.839981    
   11.0773392      -117.758820    
   12.9341192      -117.648384    
   14.7901592      -117.508629    
   16.6450005      -117.339592    
   18.4981747      -117.141266    
   20.3492222      -116.913643    
   22.1976814      -116.656761    
   24.0430908      -116.370636    
   25.8849812      -116.055305    
   27.7228947      -115.710808    
   29.5563660      -115.337181    
   31.3849354      -114.934494    
   33.2081451      -114.502800    
   35.0255280      -114.042168    
   36.8366280      -113.552673    
   38.6409912      -113.034416    
   40.4381523      -112.487465    
   42.2276611      -111.911942    
   44.0090561      -111.307915    
   45.7818909      -110.675537    
   47.5457115      -110.014915    
   49.3000641      -109.326157    
   51.0445061      -108.609428    
   52.7785835      -107.864853    
   54.5018654      -107.092583    
   56.2138939      -106.292770    
   57.9142303      -105.465569    
   59.6024475      -104.611183    
   61.2781029      -103.729759    
   62.9407654      -102.821487    
   64.5899963      -101.886559    
   66.2253876      -100.925179    
   67.8464966      -99.9375534    
   69.4529114      -98.9238739    
   71.0442123      -97.8843689    
   72.6199799      -96.8192825    
   74.1798096      -95.7288208    
   75.7232742      -94.6132278    
   77.2500000      -93.4727554    
   78.7595596      -92.3076553    
   80.2515717      -91.1181793    
   81.7256470      -89.9045944    
   83.1813660      -88.6671677    
   84.6183701      -87.4061737    
   86.0362701      -86.1219101    
   87.4346924      -84.8146439    
   88.8132553      -83.4846878    
   90.1716003      -82.1323471    
   91.5093689      -80.7579117    
   92.8261871      -79.3617020    
   94.1217041      -77.9440384    
   95.3955765      -76.5052567    
   96.6474686      -75.0456696    
   97.8770142      -73.5656128    
   99.0839005      -72.0654373    
   100.267792      -70.5454865    
   101.428383      -69.0061188    
   102.565315      -67.4476929    
   103.678314      -65.8705521    
   104.767052      -64.2750854    
   105.831238      -62.6616631    
   106.870567      -61.0306511    
   107.884750      -59.3824463    
   108.873512      -57.7174301    
   109.836578      -56.0359955    
   110.773659      -54.3385353    
   111.684502      -52.6254539    
   112.568840      -50.8971596    
   113.426422      -49.1540642    
   114.257004      -47.3965683    
   115.060333      -45.6251106    
   115.836205      -43.8401031    
   116.584366      -42.0419693    
   117.304604      -40.2311440    
   117.996689      -38.4080620    
   118.660439      -36.5731544    
   119.295639      -34.7268677    
   119.902084      -32.8696442    
   120.479622      -31.0019379    
   121.028046      -29.1241913    
   121.547188      -27.2368584    
   122.036888      -25.3404007    
   122.496964      -23.4352741    
   122.927299      -21.5219460    
   123.327728      -19.6008778    
   123.698120      -17.6725349    
   124.038345      -15.7373915    
   124.348274      -13.7959185    
   124.627800      -11.8485889    
   124.876823      -9.89588165    
   125.095222      -7.93827248    
   125.282913      -5.97624397    
   125.439827      -4.01027584    
   125.565857      -2.04085302    
   125.660965      -6.84603900E-02
   125.725067       1.90641642    
   125.758110       3.88328981    
   125.760056       5.86167097    
   125.730858       7.84106922    
   125.670486       9.82099724    
   125.578934       11.8009605    
   125.456146       13.7804689    
   125.302162       15.7590294    
   125.116943       17.7361488    
   124.900520       19.7113380    
   124.652893       21.6840992    
   124.374077       23.6539421    
   124.064133       25.6203728    
   123.723083       27.5829010    
   123.350967       29.5410290    
   122.947853       31.4942684    
   122.513786       33.4421272    
   122.048851       35.3841209    
   121.553123       37.3197517    
   121.026665       39.2485313    
   120.469604       41.1699753    
   119.882019       43.0835991    
   119.264023       44.9889107    
   118.615738       46.8854370    
   117.937279       48.7726898    
   117.228783       50.6501884    
   116.490387       52.5174599    
   115.722237       54.3740196    
   114.924492       56.2193985    
   114.097305       58.0531197    
   113.240852       59.8747253    
   112.355316       61.6837387    
   111.440872       63.4796944    
   110.497711       65.2621384    
   109.526039       67.0306015    
   108.526054       68.7846298    
   107.497963       70.5237732    
   106.442017       72.2475739    
   105.358414       73.9556046    
   104.247414       75.6474152    
   103.109238       77.3225479    
   101.944145       78.9805832    
   100.752396       80.6210785    
   99.5342484       82.2436142    
   98.2899780       83.8477631    
   97.0198288       85.4330826    
   95.7241440       86.9991989    
   94.4031754       88.5456848    
   93.0572357       90.0721054    
   91.6866150       91.5780869    
   90.2916336       93.0632248    
   88.8726044       94.5271149    
   87.4298477       95.9693680    
   85.9637070       97.3896179    
   84.4745026       98.7874680    
   82.9625854       100.162560    
   81.4283066       101.514511    
   79.8720093       102.842957    
   78.2940598       104.147545    
   76.6948242       105.427917    
   75.0746765       106.683746    
   73.4339676       107.914650    
   71.7731247       109.120338    
   70.0925064       110.300461    
   68.3925171       111.454689    
   66.6735535       112.582718    
   64.9360199       113.684227    
   63.1803169       114.758911    
   61.4068642       115.806458    
   59.6160889       116.826607    
   57.8084068       117.819054    
   55.9842491       118.783524    
   54.1440506       119.719742    
   52.2882423       120.627441    
   50.4172707       121.506363    
   48.5315857       122.356247    
   46.6316299       123.176857    
   44.7178650       123.967941    
   42.7907448       124.729294    
   40.8507385       125.460670    
   38.8983078       126.161865    
   36.9339218       126.832657    
   34.9580574       127.472847    
   32.9711876       128.082245    
   30.9737911       128.660645    
   28.9663601       129.207901    
   26.9493752       129.723801    
   24.9233246       130.208221    
   22.8887043       130.660980    
   20.8460045       131.081924    
   18.7957268       131.470917    
   16.7383709       131.827820    
   14.6744375       132.152512    
   12.6044302       132.444855    
   10.5288591       132.704773    
   8.44823074       132.932159    
   6.36305666       133.126907    
   4.27384853       133.288925    
   2.18111992       133.418137    
   8.53865221E-02   133.514465    
  -2.01283479       133.577850    
  -4.11302614       133.608261    
  -6.21466875       133.605621    
  -8.31724262       133.569931    
  -10.4202271       133.501114    
  -12.5231009       133.399170    
  -14.6253395       133.264099    
  -16.7264233       133.095871    
  -18.8258286       132.894501    
  -20.9230289       132.659988    
  -23.0175095       132.392380    
  -25.1087399       132.091675    
  -27.1961975       131.757935    
  -29.2793655       131.391190    
  -31.3577156       130.991486    
  -33.4307289       130.558884    
  -35.4978867       130.093460    
  -37.5586624       129.595306    
  -39.6125450       129.064484    
  -41.6590118       128.501114    
  -43.6975517       127.905266    
  -45.7276459       127.277069    
  -47.7487755       126.616638    
  -49.7604370       125.924103    
  -51.7621155       125.199593    
  -53.7532959       124.443245    
  -55.7334900       123.655220    
  -57.7021828       122.835678    
  -59.6588707       121.984787    
  -61.6030579       121.102715    
  -63.5342484       120.189651    
  -65.4519424       119.245781    
  -67.3556442       118.271286    
  -69.2448807       117.266411    
  -71.1191635       116.231361    
  -72.9780045       115.166336    
  -74.8209152       114.071579    
  -76.6474380       112.947334    
  -78.4570923       111.793831    
  -80.2494049       110.611336    
  -82.0239258       109.400101    
  -83.7801666       108.160385    
  -85.5177078       106.892479    
  -87.2360687       105.596672    
  -88.9348145       104.273239    
  -90.6135025       102.922485    
  -92.2716751       101.544708    
  -93.9089127       100.140205    
  -95.5247726       98.7093201    
  -97.1188583       97.2523651    
  -98.6907120       95.7696762    
  -100.239952       94.2615967    
  -101.766144       92.7284622    
  -103.268890       91.1706161    
  -104.747803       89.5884399    
  -106.202461       87.9822845    
  -107.632507       86.3525238    
  -109.037529       84.6995239    
  -110.417175       83.0236893    
  -111.771057       81.3254089    
  -113.098816       79.6050568    
  -114.400101       77.8630600    
  -115.674553       76.0998077    
  -116.921806       74.3157272    
  -118.141541       72.5112076    
  -119.333435       70.6867218    
  -120.497131       68.8426666    
  -121.632332       66.9794846    
  -122.738716       65.0976181    
  -123.815979       63.1975136    
  -124.863808       61.2796211    
  -125.881920       59.3443909    
  -126.870041       57.3922958    
  -127.827850       55.4237823    
  -128.755127       53.4393425    
  -129.651596       51.4394341    
  -130.516968       49.4245491    
  -131.351028       47.3951607    
  -132.153519       45.3517609    
  -132.924194       43.2948341    
  -133.662842       41.2248802    
  -134.369247       39.1424026    
  -135.043198       37.0478973    
  -135.684479       34.9418755    
  -136.292908       32.8248444    
  -136.868286       30.6973152    
  -137.410446       28.5598087    
  -137.919205       26.4128380    
  -138.394394       24.2569275    
  -138.835861       22.0926018    
  -139.243469       19.9203911    
  -139.617081       17.7408257    
  -139.956573       15.5544348    
  -140.261780       13.3617535    
  -140.532639       11.1633215    
  -140.769012       8.95967484    
  -140.970810       6.75135565    
  -141.137955       4.53890753    
  -141.270355       2.32287407    
  -141.367950      0.103800528    
  -141.430679      -2.11776567    
  -141.458466      -4.34127617    
  -141.451279      -6.56618118    
  -141.409088      -8.79193115    
  -141.331863      -11.0179739    
  -141.219559      -13.2437572    
  -141.072189      -15.4687309    
  -140.889755      -17.6923409    
  -140.672256      -19.9140320    
  -140.419708      -22.1332550    
  -140.132126      -24.3494530    
  -139.809555      -26.5620766    
  -139.452026      -28.7705669    
  -139.059601      -30.9743767    
  -138.632324      -33.1729546    
  -138.170288      -35.3657494    
  -137.673538      -37.5522041    
  -137.142197      -39.7317810    
  -136.576309      -41.9039230    
  -135.976013      -44.0680809    
  -135.341415      -46.2237206    
  -134.672623      -48.3702812    
  -133.969772      -50.5072403    
  -133.233002      -52.6340446    
  -132.462463      -54.7501602    
  -131.658295      -56.8550453    
  -130.820663      -58.9481735    
  -129.949753      -61.0290031    
  -129.045731      -63.0970078    
  -128.108795      -65.1516647    
  -127.139122      -67.1924515    
  -126.136948      -69.2188416    
  -125.102463      -71.2303085    
  -124.035889      -73.2263565    
  -122.937462      -75.2064667    
  -121.807419      -77.1701202    
  -120.646011      -79.1168213    
  -119.453468      -81.0460510    
  -118.230080      -82.9573517    
  -116.976112      -84.8501968    
  -115.691833      -86.7241135    
  -114.377541      -88.5785980    
  -113.033508      -90.4131851    
  -111.660057      -92.2273865    
  -110.257469      -94.0207367    
  -108.826103      -95.7927780    
  -107.366249      -97.5430298    
  -105.878250      -99.2710495    
  -104.362442      -100.976379    
  -102.819176      -102.658569    
  -101.248795      -104.317177    
  -99.6516800      -105.951775    
  -98.0281601      -107.561913    
  -96.3786392      -109.147171    
  -94.7034988      -110.707146    
  -93.0031128      -112.241417    
  -91.2778931      -113.749565    
  -89.5282288      -115.231201    
  -87.7545242      -116.685921    
  -85.9571991      -118.113327    
  -84.1366653      -119.513039    
  -82.2933655      -120.884697    
  -80.4277191      -122.227928    
  -78.5401840      -123.542358    
  -76.6311874      -124.827621    
  -74.7011719      -126.083397    
  -72.7506104      -127.309319    
  -70.7799606      -128.505051    
  -68.7896881      -129.670273    
  -66.7802582      -130.804642    
  -64.7521591      -131.907898    
  -62.7058754      -132.979675    
  -60.6418915      -134.019714    
  -58.5606956      -135.027695    
  -56.4627914      -136.003342    
  -54.3486786      -136.946396    
  -52.2188568      -137.856552    
  -50.0738525      -138.733597    
  -47.9141731      -139.577240    
  -45.7403412      -140.387253    
  -43.5528793      -141.163391    
  -41.3523140      -141.905441    
  -39.1391792      -142.613174    
  -36.9140091      -143.286362    
  -34.6773453      -143.924835    
  -32.4297218      -144.528336    
  -30.1716957      -145.096771    
  -27.9038067      -145.629883    
  -25.6266155      -146.127548    
  -23.3406696      -146.589584    
  -21.0465298      -147.015839    
  -18.7447567      -147.406189    
  -16.4359093      -147.760452    
  -14.1205568      -148.078552    
  -11.7992649      -148.360367    
  -9.47260284      -148.605759    
  -7.14114141      -148.814667    
  -4.80545425      -148.986954    
  -2.46611619      -149.122589    
 -0.123702429      -149.221466    
   2.22120881      -149.283524    
   4.56803846      -149.308716    
   6.91620684      -149.296997    
   9.26513386      -149.248337    
   11.6142378      -149.162704    
   13.9629345      -149.040085    
   16.3106441      -148.880463    
   18.6567822      -148.683838    
   21.0007629      -148.450226    
   23.3420067      -148.179642    
   25.6799297      -147.872116    
   28.0139484      -147.527695    
   30.3434792      -147.146423    
   32.6679420      -146.728348    
   34.9867477      -146.273544    
   37.2993279      -145.782059    
   39.6050949      -145.254013    
   41.9034653      -144.689468    
   44.1938705      -144.088547    
   46.4757347      -143.451370    
   48.7484779      -142.778030    
   51.0115318      -142.068680    
   53.2643204      -141.323441    
   55.5062790      -140.542465    
   57.7368317      -139.725891    
   59.9554214      -138.873932    
   62.1614914      -137.986725    
   64.3544693      -137.064468    
   66.5338058      -136.107346    
   68.6989517      -135.115555    
   70.8493423      -134.089310    
   72.9844360      -133.028839    
   75.1036835      -131.934357    
   77.2065430      -130.806091    
   79.2924805      -129.644333    
   81.3609695      -128.449295    
   83.4114685      -127.221237    
   85.4434509      -125.960449    
   87.4563980      -124.667198    
   89.4497833      -123.341774    
   91.4230957      -121.984459    
   93.3758316      -120.595589    
   95.3074875      -119.175453    
   97.2175522      -117.724373    
   99.1055298      -116.242683    
   100.970947      -114.730713    
   102.813301      -113.188812    
   104.632118      -111.617317    
   106.426918      -110.016609    
   108.197220      -108.387032    
   109.942604      -106.728981    
   111.662567      -105.042824    
   113.356674      -103.328964    
   115.024475      -101.587784    
   116.665543      -99.8196945    
   118.279419      -98.0251083    
   119.865692      -96.2044220    
   121.423943      -94.3580933    
   122.953751      -92.4865341    
   124.454704      -90.5901871    
   125.926407      -88.6695023    
   127.368477      -86.7249146    
   128.780502      -84.7568970    
   130.162109      -82.7659073    
   131.512939      -80.7524185    
   132.832581      -78.7168961    
   134.120743      -76.6598434    
   135.377045      -74.5817337    
   136.601120      -72.4830627    
   137.792664      -70.3643341    
   138.951324      -68.2260437    
   140.076813      -66.0687103    
   141.168762      -63.8928375    
   142.226929      -61.6989670    
   143.250977      -59.4876060    
   144.240646      -57.2592926    
   145.195618      -55.0145607    
   146.115662      -52.7539482    
   147.000488      -50.4780006    
   147.849854      -48.1872673    
   148.663513      -45.8822975    
   149.441193      -43.5636520    
   150.182724      -41.2318916    
   150.887848      -38.8875809    
   151.556381      -36.5312843    
   152.188080      -34.1635818    
   152.782791      -31.7850399    
   153.340302      -29.3962440    
   153.860443      -26.9977684    
   154.343048      -24.5902061    
   154.787979      -22.1741409    
   155.195068      -19.7501621    
   155.564178      -17.3188648    
   155.895203      -14.8808432    
   156.187988      -12.4366932    
   156.442429      -9.98701668    
   156.658432      -7.53241348    
   156.835907      -5.07348776    
   156.974762      -2.61084557    
